-109.32,41.233,0.093643
-109.32,41.323,0.094906
-109.33,41.413,0.095261
-109.33,41.503,0.09144
-109.34,41.593,0.082856
-109.34,41.682,0.070807
-109.35,41.772,0.059089
-109.36,41.862,0.048923
-109.36,41.952,0.04131
-109.37,42.042,0.036433
-109.37,42.131,0.034118
-109.38,42.221,0.033462
-109.38,42.311,0.03484
-109.39,42.401,0.037648
-109.39,42.491,0.040929
-109.4,42.581,0.043596
-109.4,42.67,0.044515
-109.41,42.76,0.042774
-109.41,42.85,0.038049
-109.42,42.94,0.030943
-109.43,43.03,0.023047
-109.43,43.12,0.016673
-109.44,43.209,0.014239
-109.44,43.299,0.017401
-109.45,43.389,0.026283
-109.45,43.479,0.039789
-109.46,43.569,0.054129
-109.46,43.659,0.066103
-109.47,43.748,0.072826
-109.48,43.838,0.076519
-109.48,43.928,0.079446
-109.49,44.018,0.08167
-109.49,44.108,0.083484
-109.5,44.198,0.085077
-109.5,44.287,0.086699
-109.51,44.377,0.088632
-109.52,44.467,0.091131
-109.52,44.557,0.094377
-109.53,44.647,0.09846
-109.53,44.737,0.10337
-109.54,44.826,0.10886
-109.55,44.916,0.11414
-109.55,45.006,0.11746
-109.56,45.096,0.11639
-109.56,45.186,0.10941
-109.57,45.275,0.097288
-109.58,45.365,0.082406
-109.58,45.455,0.067265
-109.59,45.545,0.053808
-109.59,45.635,0.043559
-109.6,45.724,0.037308
-109.61,45.814,0.034746
-109.2,41.237,0.091716
-109.2,41.327,0.093419
-109.21,41.417,0.094715
-109.21,41.507,0.092433
-109.22,41.596,0.082016
-109.22,41.686,0.068965
-109.23,41.776,0.056875
-109.23,41.866,0.046535
-109.24,41.956,0.038921
-109.25,42.046,0.034137
-109.25,42.135,0.031996
-109.26,42.225,0.032109
-109.26,42.315,0.034171
-109.27,42.405,0.037773
-109.27,42.495,0.041941
-109.28,42.584,0.045535
-109.28,42.674,0.047279
-109.29,42.764,0.046005
-109.29,42.854,0.041124
-109.3,42.944,0.033167
-109.3,43.034,0.023894
-109.31,43.124,0.015971
-109.31,43.213,0.012329
-109.32,43.303,0.015035
-109.32,43.393,0.024192
-109.33,43.483,0.038409
-109.34,43.573,0.053586
-109.34,43.663,0.066661
-109.35,43.752,0.072856
-109.35,43.842,0.076704
-109.36,43.932,0.079933
-109.36,44.022,0.082394
-109.37,44.112,0.0843
-109.37,44.202,0.08584
-109.38,44.292,0.087317
-109.38,44.381,0.089066
-109.39,44.471,0.09138
-109.4,44.561,0.094437
-109.4,44.651,0.098304
-109.41,44.741,0.10302
-109.41,44.83,0.10854
-109.42,44.92,0.11436
-109.42,45.01,0.11985
-109.43,45.1,0.1199
-109.44,45.19,0.1125
-109.44,45.28,0.098143
-109.45,45.369,0.082308
-109.45,45.459,0.066424
-109.46,45.549,0.05244
-109.46,45.639,0.041826
-109.47,45.728,0.035425
-109.48,45.818,0.033045
-109.08,41.241,0.086415
-109.08,41.331,0.087863
-109.09,41.421,0.08889
-109.09,41.51,0.086275
-109.1,41.6,0.076144
-109.1,41.69,0.063366
-109.11,41.78,0.051619
-109.11,41.87,0.041633
-109.12,41.959,0.034334
-109.12,42.049,0.030031
-109.13,42.139,0.028734
-109.13,42.229,0.029874
-109.14,42.319,0.033298
-109.14,42.409,0.038311
-109.15,42.498,0.044033
-109.15,42.588,0.049304
-109.16,42.678,0.052677
-109.16,42.768,0.052558
-109.17,42.858,0.047865
-109.17,42.948,0.039016
-109.18,43.038,0.028069
-109.19,43.127,0.017127
-109.19,43.217,0.011222
-109.2,43.307,0.012924
-109.2,43.397,0.022184
-109.21,43.487,0.036381
-109.21,43.577,0.051195
-109.22,43.666,0.063092
-109.22,43.756,0.071303
-109.23,43.846,0.076335
-109.23,43.936,0.080536
-109.24,44.026,0.083832
-109.24,44.116,0.085996
-109.25,44.206,0.087547
-109.25,44.295,0.088808
-109.26,44.385,0.090205
-109.26,44.475,0.092108
-109.27,44.565,0.094682
-109.28,44.655,0.097873
-109.28,44.745,0.1017
-109.29,44.834,0.10642
-109.29,44.924,0.11192
-109.3,45.014,0.11829
-109.3,45.104,0.12299
-109.31,45.194,0.1124
-109.31,45.284,0.098098
-109.32,45.373,0.081001
-109.33,45.463,0.065053
-109.33,45.553,0.050994
-109.34,45.643,0.040248
-109.34,45.732,0.033738
-109.35,45.822,0.031425
-108.96,41.245,0.077656
-108.97,41.334,0.078312
-108.97,41.424,0.078014
-108.97,41.514,0.073777
-108.98,41.604,0.0654
-108.98,41.694,0.053999
-108.99,41.783,0.043208
-108.99,41.873,0.034053
-109,41.963,0.02757
-109,42.053,0.024236
-109.01,42.143,0.024091
-109.01,42.233,0.026865
-109.02,42.322,0.032076
-109.02,42.412,0.03906
-109.03,42.502,0.046944
-109.03,42.592,0.054588
-109.04,42.682,0.060367
-109.04,42.772,0.06337
-109.05,42.862,0.059396
-109.05,42.951,0.048742
-109.06,43.041,0.036481
-109.06,43.131,0.023696
-109.07,43.221,0.01426
-109.07,43.311,0.014857
-109.08,43.401,0.024656
-109.08,43.491,0.037598
-109.09,43.58,0.050027
-109.09,43.67,0.060862
-109.1,43.76,0.069342
-109.1,43.85,0.075896
-109.11,43.94,0.081354
-109.11,44.03,0.085589
-109.12,44.12,0.088309
-109.12,44.209,0.089773
-109.13,44.299,0.090693
-109.13,44.389,0.091471
-109.14,44.479,0.092633
-109.14,44.569,0.094728
-109.15,44.659,0.096838
-109.15,44.748,0.098928
-109.16,44.838,0.10144
-109.16,44.928,0.10544
-109.17,45.018,0.11084
-109.18,45.108,0.11265
-109.18,45.198,0.10601
-109.19,45.287,0.093653
-109.19,45.377,0.078008
-109.2,45.467,0.06307
-109.2,45.557,0.049567
-109.21,45.647,0.03896
-109.21,45.736,0.03236
-109.22,45.826,0.030046
-108.84,41.248,0.066687
-108.85,41.338,0.0664
-108.85,41.428,0.064372
-108.85,41.518,0.059578
-108.86,41.607,0.051843
-108.86,41.697,0.042265
-108.87,41.787,0.032578
-108.87,41.877,0.024419
-108.88,41.967,0.018976
-108.88,42.056,0.016914
-108.89,42.146,0.018373
-108.89,42.236,0.023059
-108.9,42.326,0.030403
-108.9,42.416,0.039665
-108.91,42.506,0.049962
-108.91,42.596,0.060171
-108.92,42.685,0.069816
-108.92,42.775,0.075049
-108.92,42.865,0.07246
-108.93,42.955,0.062108
-108.93,43.045,0.048587
-108.94,43.135,0.035946
-108.94,43.225,0.027851
-108.95,43.314,0.027113
-108.95,43.404,0.033326
-108.96,43.494,0.0434
-108.96,43.584,0.05309
-108.97,43.674,0.061855
-108.97,43.764,0.0693
-108.98,43.854,0.075718
-108.98,43.943,0.081637
-108.99,44.033,0.089225
-108.99,44.123,0.089828
-109,44.213,0.091529
-109,44.303,0.091946
-109.01,44.393,0.091807
-109.01,44.483,0.091835
-109.02,44.572,0.092839
-109.02,44.662,0.094697
-109.03,44.752,0.093318
-109.03,44.842,0.093505
-109.04,44.932,0.095052
-109.04,45.022,0.097639
-109.05,45.111,0.099631
-109.05,45.201,0.095762
-109.06,45.291,0.085978
-109.06,45.381,0.074113
-109.07,45.471,0.061138
-109.07,45.56,0.048772
-109.08,45.65,0.038583
-109.08,45.74,0.03156
-109.09,45.83,0.029086
-108.72,41.251,0.05528
-108.73,41.341,0.054227
-108.73,41.431,0.05148
-108.73,41.521,0.046363
-108.74,41.611,0.03892
-108.74,41.701,0.030048
-108.75,41.79,0.021133
-108.75,41.88,0.013742
-108.76,41.97,0.0092652
-108.76,42.06,0.0085835
-108.77,42.15,0.011862
-108.77,42.24,0.018671
-108.77,42.329,0.028279
-108.78,42.419,0.039833
-108.78,42.509,0.052371
-108.79,42.599,0.064683
-108.79,42.689,0.076304
-108.8,42.779,0.083883
-108.8,42.869,0.08313
-108.81,42.958,0.073929
-108.81,43.048,0.062407
-108.82,43.138,0.052862
-108.82,43.228,0.045693
-108.83,43.318,0.044389
-108.83,43.408,0.048499
-108.83,43.498,0.054077
-108.84,43.587,0.060052
-108.84,43.677,0.065624
-108.85,43.767,0.070738
-108.85,43.857,0.075679
-108.86,43.947,0.080567
-108.86,44.037,0.085132
-108.87,44.127,0.089523
-108.87,44.216,0.091864
-108.88,44.306,0.091884
-108.88,44.396,0.089782
-108.89,44.486,0.088533
-108.89,44.576,0.087967
-108.9,44.666,0.086918
-108.9,44.756,0.084446
-108.91,44.845,0.082156
-108.91,44.935,0.082252
-108.92,45.025,0.084261
-108.92,45.115,0.086134
-108.93,45.205,0.085092
-108.93,45.295,0.07986
-108.94,45.384,0.071112
-108.94,45.474,0.060443
-108.95,45.564,0.049521
-108.95,45.654,0.040048
-108.96,45.744,0.033081
-108.96,45.833,0.029044
-108.6,41.255,0.044858
-108.61,41.344,0.043324
-108.61,41.434,0.040159
-108.61,41.524,0.034834
-108.62,41.614,0.027472
-108.62,41.704,0.018857
-108.63,41.794,0.010196
-108.63,41.883,0.0030917
-108.64,41.973,-0.00073592
-108.64,42.063,-0.00011335
-108.64,42.153,0.0050638
-108.65,42.243,0.014052
-108.65,42.333,0.025862
-108.66,42.422,0.039518
-108.66,42.512,0.053928
-108.67,42.602,0.067677
-108.67,42.692,0.078926
-108.67,42.782,0.08708
-108.68,42.872,0.088024
-108.68,42.962,0.082518
-108.69,43.052,0.076134
-108.69,43.141,0.070137
-108.7,43.231,0.066293
-108.7,43.321,0.065262
-108.71,43.411,0.066485
-108.71,43.501,0.068641
-108.71,43.591,0.070531
-108.72,43.681,0.071695
-108.72,43.771,0.073546
-108.73,43.86,0.075398
-108.73,43.95,0.077707
-108.74,44.04,0.080463
-108.74,44.13,0.084343
-108.75,44.22,0.089413
-108.75,44.31,0.087008
-108.76,44.4,0.084467
-108.76,44.489,0.081766
-108.77,44.579,0.079988
-108.77,44.669,0.077578
-108.77,44.759,0.073684
-108.78,44.849,0.069727
-108.78,44.939,0.067926
-108.79,45.029,0.070888
-108.79,45.118,0.076394
-108.8,45.208,0.078647
-108.8,45.298,0.076721
-108.81,45.388,0.070679
-108.81,45.478,0.061979
-108.82,45.568,0.052431
-108.82,45.657,0.043888
-108.83,45.747,0.037547
-108.83,45.837,0.035065
-108.48,41.258,0.036386
-108.49,41.348,0.034635
-108.49,41.437,0.031314
-108.49,41.527,0.025908
-108.5,41.617,0.018534
-108.5,41.707,0.0099136
-108.51,41.797,0.0011484
-108.51,41.887,-0.0068008
-108.52,41.976,-0.010583
-108.52,42.066,-0.0088407
-108.52,42.156,-0.0010917
-108.53,42.246,0.0098302
-108.53,42.336,0.023491
-108.54,42.426,0.038835
-108.54,42.515,0.054693
-108.54,42.605,0.070043
-108.55,42.695,0.081752
-108.55,42.785,0.088467
-108.56,42.875,0.091303
-108.56,42.965,0.090796
-108.57,43.055,0.08889
-108.57,43.145,0.087228
-108.57,43.234,0.086547
-108.58,43.324,0.086653
-108.58,43.414,0.086689
-108.59,43.504,0.085747
-108.59,43.594,0.083418
-108.6,43.684,0.080286
-108.6,43.774,0.077177
-108.6,43.864,0.074612
-108.61,43.953,0.072936
-108.61,44.043,0.072266
-108.62,44.133,0.073426
-108.62,44.223,0.074505
-108.63,44.313,0.074163
-108.63,44.403,0.072924
-108.63,44.493,0.070861
-108.64,44.583,0.069115
-108.64,44.672,0.067142
-108.65,44.762,0.061606
-108.65,44.852,0.056797
-108.66,44.942,0.055678
-108.66,45.032,0.061818
-108.67,45.122,0.070754
-108.67,45.212,0.077551
-108.68,45.301,0.078097
-108.68,45.391,0.073627
-108.68,45.481,0.065996
-108.69,45.571,0.057363
-108.69,45.661,0.049675
-108.7,45.75,0.044397
-108.7,45.84,0.041906
-108.36,41.261,0.03035
-108.37,41.351,0.028597
-108.37,41.44,0.025519
-108.37,41.53,0.020203
-108.38,41.62,0.012734
-108.38,41.71,0.0041717
-108.39,41.8,-0.0046151
-108.39,41.889,-0.012952
-108.39,41.979,-0.01794
-108.4,42.069,-0.014767
-108.4,42.159,-0.0059747
-108.41,42.249,0.0068903
-108.41,42.339,0.021589
-108.41,42.429,0.037843
-108.42,42.519,0.055156
-108.42,42.608,0.071062
-108.43,42.698,0.083165
-108.43,42.788,0.090545
-108.43,42.878,0.094608
-108.44,42.968,0.097554
-108.44,43.058,0.10011
-108.45,43.148,0.10303
-108.45,43.238,0.10614
-108.45,43.327,0.10824
-108.46,43.417,0.10778
-108.46,43.507,0.10395
-108.47,43.597,0.097175
-108.47,43.687,0.088721
-108.48,43.777,0.080283
-108.48,43.867,0.072493
-108.48,43.957,0.065727
-108.49,44.046,0.060252
-108.49,44.136,0.056507
-108.5,44.226,0.055281
-108.5,44.316,0.05424
-108.5,44.406,0.056317
-108.51,44.496,0.05686
-108.51,44.586,0.055845
-108.52,44.676,0.052296
-108.52,44.765,0.049453
-108.53,44.855,0.047434
-108.53,44.945,0.049104
-108.53,45.035,0.060008
-108.54,45.125,0.073188
-108.54,45.215,0.082604
-108.55,45.305,0.084065
-108.55,45.394,0.079486
-108.56,45.484,0.071682
-108.56,45.574,0.063278
-108.57,45.664,0.056139
-108.57,45.754,0.051335
-108.57,45.843,0.049083
-108.24,41.264,0.026828
-108.25,41.353,0.02538
-108.25,41.443,0.02257
-108.25,41.533,0.017572
-108.26,41.623,0.010434
-108.26,41.713,0.0021187
-108.27,41.802,-0.0061819
-108.27,41.892,-0.014055
-108.27,41.982,-0.018492
-108.28,42.072,-0.015408
-108.28,42.162,-0.0067098
-108.28,42.252,0.0060272
-108.29,42.342,0.020525
-108.29,42.432,0.03653
-108.3,42.521,0.053657
-108.3,42.611,0.069905
-108.3,42.701,0.082336
-108.31,42.791,0.090092
-108.31,42.881,0.096083
-108.32,42.971,0.10219
-108.32,43.061,0.10882
-108.32,43.151,0.11628
-108.33,43.24,0.12365
-108.33,43.33,0.1285
-108.33,43.42,0.12803
-108.34,43.51,0.12124
-108.34,43.6,0.10943
-108.35,43.69,0.095215
-108.35,43.78,0.080954
-108.35,43.87,0.067745
-108.36,43.96,0.056272
-108.36,44.049,0.044563
-108.37,44.139,0.035921
-108.37,44.229,0.030794
-108.37,44.319,0.029456
-108.38,44.409,0.033535
-108.38,44.499,0.038435
-108.39,44.589,0.037682
-108.39,44.679,0.036127
-108.4,44.768,0.037606
-108.4,44.858,0.041098
-108.4,44.948,0.050877
-108.41,45.038,0.066096
-108.41,45.128,0.084318
-108.42,45.218,0.094027
-108.42,45.308,0.094203
-108.42,45.397,0.086104
-108.43,45.487,0.077095
-108.43,45.577,0.068392
-108.44,45.667,0.061561
-108.44,45.757,0.057083
-108.45,45.846,0.054644
-108.12,41.266,0.025656
-108.13,41.356,0.024386
-108.13,41.446,0.021966
-108.13,41.536,0.017519
-108.14,41.626,0.011072
-108.14,41.715,0.0036534
-108.15,41.805,-0.0036066
-108.15,41.895,-0.0094966
-108.15,41.985,-0.013058
-108.16,42.075,-0.010918
-108.16,42.165,-0.0031873
-108.16,42.255,0.0074338
-108.17,42.344,0.020528
-108.17,42.434,0.035124
-108.17,42.524,0.050221
-108.18,42.614,0.065251
-108.18,42.704,0.077421
-108.19,42.794,0.087048
-108.19,42.884,0.095062
-108.19,42.974,0.10378
-108.2,43.063,0.11368
-108.2,43.153,0.12495
-108.2,43.243,0.13727
-108.21,43.333,0.14693
-108.21,43.423,0.14698
-108.21,43.513,0.136
-108.22,43.603,0.11841
-108.22,43.693,0.096982
-108.23,43.783,0.077217
-108.23,43.872,0.06001
-108.23,43.962,0.04304
-108.24,44.052,0.026012
-108.24,44.142,0.011638
-108.25,44.232,0.0030959
-108.25,44.322,0.0011755
-108.25,44.412,0.0038686
-108.26,44.502,0.012342
-108.26,44.592,0.016375
-108.26,44.681,0.021416
-108.27,44.771,0.028683
-108.27,44.861,0.039834
-108.28,44.951,0.056051
-108.28,45.041,0.074997
-108.28,45.131,0.093902
-108.29,45.221,0.10659
-108.29,45.31,0.10109
-108.3,45.4,0.089898
-108.3,45.49,0.079553
-108.3,45.58,0.070501
-108.31,45.67,0.064318
-108.31,45.76,0.060281
-108.32,45.849,0.057588
-108,41.269,0.026646
-108.01,41.359,0.025401
-108.01,41.448,0.023371
-108.01,41.538,0.019677
-108.02,41.628,0.014333
-108.02,41.718,0.0083087
-108.02,41.808,0.0023088
-108.03,41.898,-0.0024974
-108.03,41.988,-0.0047269
-108.03,42.077,-0.0032631
-108.04,42.167,0.002098
-108.04,42.257,0.010715
-108.05,42.347,0.021691
-108.05,42.437,0.034166
-108.05,42.527,0.047252
-108.06,42.617,0.059954
-108.06,42.707,0.071476
-108.06,42.796,0.081742
-108.07,42.886,0.0915
-108.07,42.976,0.10181
-108.07,43.066,0.1135
-108.08,43.156,0.12672
-108.08,43.246,0.14128
-108.08,43.336,0.15877
-108.09,43.426,0.15577
-108.09,43.516,0.14224
-108.09,43.605,0.11765
-108.1,43.695,0.091388
-108.1,43.785,0.06784
-108.11,43.875,0.045936
-108.11,43.965,0.028239
-108.11,44.055,0.0030397
-108.12,44.145,-0.014824
-108.12,44.235,-0.025531
-108.12,44.325,-0.030409
-108.13,44.414,-0.03126
-108.13,44.504,-0.024766
-108.13,44.594,-0.0061092
-108.14,44.684,0.012601
-108.14,44.774,0.028747
-108.15,44.864,0.044015
-108.15,44.954,0.061628
-108.15,45.044,0.080064
-108.16,45.133,0.096864
-108.16,45.223,0.1072
-108.16,45.313,0.099972
-108.17,45.403,0.087535
-108.17,45.493,0.076647
-108.18,45.583,0.06758
-108.18,45.673,0.061811
-108.18,45.762,0.058785
-108.19,45.852,0.055688
-107.89,41.271,0.029617
-107.89,41.361,0.028674
-107.89,41.451,0.027047
-107.89,41.541,0.0243
-107.9,41.631,0.020349
-107.9,41.72,0.015576
-107.9,41.81,0.010694
-107.91,41.9,0.0066686
-107.91,41.99,0.0045598
-107.91,42.08,0.0052065
-107.92,42.17,0.0089004
-107.92,42.26,0.015369
-107.92,42.349,0.024027
-107.93,42.439,0.034164
-107.93,42.529,0.045021
-107.93,42.619,0.055874
-107.94,42.709,0.066235
-107.94,42.799,0.076096
-107.94,42.889,0.085936
-107.95,42.979,0.096418
-107.95,43.069,0.10802
-107.95,43.158,0.1206
-107.96,43.248,0.13362
-107.96,43.338,0.14344
-107.96,43.428,0.14298
-107.97,43.518,0.12898
-107.97,43.608,0.10574
-107.97,43.698,0.07757
-107.98,43.788,0.050529
-107.98,43.878,0.025549
-107.98,43.968,0.0010181
-107.99,44.057,-0.023333
-107.99,44.147,-0.041417
-107.99,44.237,-0.050607
-108,44.327,-0.055121
-108,44.417,-0.057794
-108,44.507,-0.058558
-108.01,44.597,-0.019168
-108.01,44.687,0.013101
-108.02,44.777,0.034222
-108.02,44.866,0.052102
-108.02,44.956,0.067735
-108.03,45.046,0.080781
-108.03,45.136,0.091742
-108.03,45.226,0.094629
-108.04,45.316,0.08889
-108.04,45.406,0.077831
-108.04,45.495,0.067323
-108.05,45.585,0.05858
-108.05,45.675,0.052977
-108.05,45.765,0.049603
-108.06,45.855,0.046869
-107.77,41.274,0.034237
-107.77,41.363,0.033759
-107.77,41.453,0.032933
-107.77,41.543,0.031318
-107.78,41.633,0.028633
-107.78,41.723,0.024988
-107.78,41.813,0.020912
-107.79,41.902,0.017243
-107.79,41.992,0.014881
-107.79,42.082,0.014551
-107.8,42.172,0.016622
-107.8,42.262,0.021056
-107.8,42.352,0.027492
-107.81,42.442,0.035369
-107.81,42.532,0.044045
-107.81,42.621,0.052937
-107.81,42.711,0.061697
-107.82,42.801,0.070329
-107.82,42.891,0.079129
-107.82,42.981,0.08844
-107.83,43.071,0.098339
-107.83,43.161,0.10829
-107.83,43.251,0.11676
-107.84,43.341,0.12102
-107.84,43.431,0.11982
-107.84,43.52,0.10742
-107.85,43.61,0.084497
-107.85,43.7,0.057693
-107.85,43.79,0.030072
-107.86,43.88,0.0032624
-107.86,43.97,-0.022941
-107.86,44.06,-0.045232
-107.87,44.15,-0.063779
-107.87,44.24,-0.063161
-107.87,44.33,-0.059552
-107.88,44.419,-0.056632
-107.88,44.509,-0.049853
-107.88,44.599,-0.013956
-107.89,44.689,0.018985
-107.89,44.779,0.0432
-107.89,44.869,0.060906
-107.9,44.959,0.072084
-107.9,45.049,0.078502
-107.9,45.138,0.080215
-107.91,45.228,0.07802
-107.91,45.318,0.071381
-107.91,45.408,0.061951
-107.92,45.498,0.052162
-107.92,45.588,0.043843
-107.92,45.678,0.037883
-107.93,45.767,0.034553
-107.93,45.857,0.032194
-107.65,41.276,0.039894
-107.65,41.366,0.040062
-107.65,41.455,0.040283
-107.65,41.545,0.040028
-107.66,41.635,0.038685
-107.66,41.725,0.036018
-107.66,41.815,0.03242
-107.67,41.905,0.02873
-107.67,41.995,0.025826
-107.67,42.084,0.024417
-107.67,42.174,0.02495
-107.68,42.264,0.027542
-107.68,42.354,0.031984
-107.68,42.444,0.037827
-107.69,42.534,0.044484
-107.69,42.624,0.051387
-107.69,42.714,0.058206
-107.7,42.803,0.064956
-107.7,42.893,0.071864
-107.7,42.983,0.079085
-107.7,43.073,0.086409
-107.71,43.163,0.09301
-107.71,43.253,0.097379
-107.71,43.343,0.097085
-107.72,43.433,0.091645
-107.72,43.523,0.084865
-107.72,43.613,0.060872
-107.72,43.703,0.035666
-107.73,43.792,0.0095891
-107.73,43.882,-0.015341
-107.73,43.972,-0.038283
-107.74,44.062,-0.055139
-107.74,44.152,-0.063643
-107.74,44.242,-0.060224
-107.75,44.332,-0.050131
-107.75,44.422,-0.035989
-107.75,44.512,-0.017912
-107.76,44.602,0.0033417
-107.76,44.691,0.028897
-107.76,44.781,0.051774
-107.77,44.871,0.06617
-107.77,44.961,0.074146
-107.77,45.051,0.071303
-107.77,45.141,0.066367
-107.78,45.231,0.059785
-107.78,45.321,0.051382
-107.78,45.41,0.041987
-107.79,45.5,0.032757
-107.79,45.59,0.02477
-107.79,45.68,0.01882
-107.8,45.77,0.015097
-107.8,45.86,0.013132
-107.53,41.278,0.04571
-107.53,41.368,0.046654
-107.53,41.457,0.048141
-107.53,41.547,0.049754
-107.54,41.637,0.049914
-107.54,41.727,0.048081
-107.54,41.817,0.044512
-107.55,41.907,0.040663
-107.55,41.997,0.037082
-107.55,42.086,0.034481
-107.55,42.176,0.03362
-107.56,42.266,0.034603
-107.56,42.356,0.037333
-107.56,42.446,0.041434
-107.56,42.536,0.046302
-107.57,42.626,0.051259
-107.57,42.716,0.055906
-107.57,42.806,0.060323
-107.58,42.895,0.064824
-107.58,42.985,0.069532
-107.58,43.075,0.07412
-107.58,43.165,0.077676
-107.59,43.255,0.078934
-107.59,43.345,0.074962
-107.59,43.435,0.064318
-107.59,43.525,0.054441
-107.6,43.615,0.037428
-107.6,43.705,0.015619
-107.6,43.795,-0.0076535
-107.61,43.884,-0.02868
-107.61,43.974,-0.044708
-107.61,44.064,-0.05452
-107.61,44.154,-0.054015
-107.62,44.244,-0.043586
-107.62,44.334,-0.029466
-107.62,44.424,-0.011842
-107.63,44.514,0.005828
-107.63,44.604,0.022794
-107.63,44.694,0.040554
-107.64,44.783,0.06067
-107.64,44.873,0.070296
-107.64,44.963,0.066179
-107.64,45.053,0.058869
-107.65,45.143,0.048847
-107.65,45.233,0.038952
-107.65,45.323,0.02922
-107.66,45.413,0.019831
-107.66,45.502,0.011002
-107.66,45.592,0.0031983
-107.67,45.682,-0.0028502
-107.67,45.772,-0.0066209
-107.67,45.862,-0.0082181
-107.41,41.28,0.050643
-107.41,41.369,0.052357
-107.41,41.459,0.055402
-107.41,41.549,0.058779
-107.42,41.639,0.061396
-107.42,41.729,0.060186
-107.42,41.819,0.056206
-107.42,41.909,0.052093
-107.43,41.999,0.047983
-107.43,42.088,0.044467
-107.43,42.178,0.042355
-107.43,42.268,0.04201
-107.44,42.358,0.043296
-107.44,42.448,0.045912
-107.44,42.538,0.049558
-107.44,42.628,0.05272
-107.45,42.718,0.055023
-107.45,42.808,0.056528
-107.45,42.897,0.058433
-107.46,42.987,0.060596
-107.46,43.077,0.062716
-107.46,43.167,0.064122
-107.46,43.257,0.063416
-107.47,43.347,0.059681
-107.47,43.437,0.049409
-107.47,43.527,0.037455
-107.47,43.617,0.020901
-107.48,43.707,0.00046151
-107.48,43.797,-0.020101
-107.48,43.886,-0.036367
-107.48,43.976,-0.046109
-107.49,44.066,-0.0468
-107.49,44.156,-0.036591
-107.49,44.246,-0.020934
-107.5,44.336,-0.0018786
-107.5,44.426,0.015922
-107.5,44.516,0.025675
-107.5,44.606,0.04146
-107.51,44.696,0.055683
-107.51,44.785,0.073616
-107.51,44.875,0.066084
-107.51,44.965,0.053952
-107.52,45.055,0.041405
-107.52,45.145,0.028322
-107.52,45.235,0.01642
-107.53,45.325,0.0062334
-107.53,45.415,-0.0027231
-107.53,45.505,-0.0111
-107.53,45.594,-0.018906
-107.54,45.684,-0.025315
-107.54,45.774,-0.029326
-107.54,45.864,-0.030601
-107.29,41.281,0.053705
-107.29,41.371,0.055986
-107.29,41.461,0.060105
-107.29,41.551,0.065689
-107.3,41.641,0.069814
-107.3,41.731,0.06994
-107.3,41.821,0.066617
-107.3,41.91,0.061928
-107.31,42,0.057679
-107.31,42.09,0.053785
-107.31,42.18,0.050958
-107.31,42.27,0.04959
-107.32,42.36,0.049625
-107.32,42.45,0.050855
-107.32,42.54,0.053186
-107.32,42.63,0.055023
-107.33,42.719,0.054603
-107.33,42.809,0.053394
-107.33,42.899,0.052822
-107.33,42.989,0.052655
-107.33,43.079,0.052704
-107.34,43.169,0.052387
-107.34,43.259,0.051003
-107.34,43.349,0.047183
-107.34,43.439,0.039245
-107.35,43.529,0.029086
-107.35,43.619,0.014563
-107.35,43.708,-0.0057108
-107.35,43.798,-0.025052
-107.36,43.888,-0.03635
-107.36,43.978,-0.039684
-107.36,44.068,-0.033286
-107.36,44.158,-0.016171
-107.37,44.248,0.0065111
-107.37,44.338,0.028343
-107.37,44.428,0.049362
-107.37,44.518,0.065745
-107.38,44.608,0.073915
-107.38,44.697,0.075058
-107.38,44.787,0.065792
-107.38,44.877,0.054922
-107.39,44.967,0.037325
-107.39,45.057,0.021777
-107.39,45.147,0.0056038
-107.4,45.237,-0.007109
-107.4,45.327,-0.016492
-107.4,45.417,-0.023491
-107.4,45.506,-0.03134
-107.41,45.596,-0.039428
-107.41,45.686,-0.046644
-107.41,45.776,-0.051275
-107.41,45.866,-0.052351
-107.17,41.283,0.054252
-107.17,41.373,0.056769
-107.17,41.463,0.061252
-107.17,41.553,0.067921
-107.18,41.642,0.073954
-107.18,41.732,0.075794
-107.18,41.822,0.073321
-107.18,41.912,0.069654
-107.19,42.002,0.066057
-107.19,42.092,0.062445
-107.19,42.182,0.059481
-107.19,42.272,0.057353
-107.19,42.362,0.056213
-107.2,42.451,0.055962
-107.2,42.541,0.056629
-107.2,42.631,0.057008
-107.2,42.721,0.054104
-107.2,42.811,0.050701
-107.21,42.901,0.047978
-107.21,42.991,0.045778
-107.21,43.081,0.044092
-107.21,43.171,0.042632
-107.22,43.261,0.040892
-107.22,43.351,0.038325
-107.22,43.44,0.034126
-107.22,43.53,0.02666
-107.23,43.62,0.014613
-107.23,43.71,-0.0024153
-107.23,43.8,-0.018443
-107.23,43.89,-0.024559
-107.23,43.98,-0.022384
-107.24,44.07,-0.01388
-107.24,44.16,0.011327
-107.24,44.25,0.035396
-107.24,44.34,0.056102
-107.25,44.43,0.076541
-107.25,44.519,0.093307
-107.25,44.609,0.10033
-107.25,44.699,0.079651
-107.26,44.789,0.05546
-107.26,44.879,0.036077
-107.26,44.969,0.018466
-107.26,45.059,0.0010801
-107.27,45.149,-0.014853
-107.27,45.239,-0.028385
-107.27,45.328,-0.034539
-107.27,45.418,-0.039926
-107.27,45.508,-0.047413
-107.28,45.598,-0.056075
-107.28,45.688,-0.06537
-107.28,45.778,-0.071332
-107.28,45.868,-0.072261
-107.05,41.285,0.052164
-107.05,41.374,0.054621
-107.05,41.464,0.059269
-107.05,41.554,0.066067
-107.06,41.644,0.07225
-107.06,41.734,0.076116
-107.06,41.824,0.077107
-107.06,41.914,0.075715
-107.06,42.004,0.07374
-107.07,42.093,0.071124
-107.07,42.183,0.068263
-107.07,42.273,0.065533
-107.07,42.363,0.06321
-107.07,42.453,0.06132
-107.08,42.543,0.059837
-107.08,42.633,0.057328
-107.08,42.723,0.053467
-107.08,42.813,0.048515
-107.08,42.903,0.043953
-107.09,42.992,0.03993
-107.09,43.082,0.036649
-107.09,43.172,0.034133
-107.09,43.262,0.032283
-107.09,43.352,0.030784
-107.1,43.442,0.029378
-107.1,43.532,0.02685
-107.1,43.622,0.02005
-107.1,43.712,0.0052145
-107.11,43.802,-0.0036856
-107.11,43.892,-0.0035047
-107.11,43.982,0.0040994
-107.11,44.071,0.022492
-107.11,44.161,0.044702
-107.12,44.251,0.065038
-107.12,44.341,0.076388
-107.12,44.431,0.085785
-107.12,44.521,0.093874
-107.12,44.611,0.11173
-107.13,44.701,0.064618
-107.13,44.791,0.037869
-107.13,44.881,0.016619
-107.13,44.971,-0.0003471
-107.14,45.06,-0.016197
-107.14,45.15,-0.029542
-107.14,45.24,-0.040453
-107.14,45.33,-0.04536
-107.14,45.42,-0.050045
-107.15,45.51,-0.057554
-107.15,45.6,-0.066821
-107.15,45.69,-0.077315
-107.15,45.779,-0.085726
-107.16,45.869,-0.086498
-106.93,41.286,0.047784
-106.93,41.376,0.050053
-106.93,41.466,0.054749
-106.93,41.556,0.061425
-106.94,41.645,0.068619
-106.94,41.735,0.074776
-106.94,41.825,0.079067
-106.94,41.915,0.08132
-106.94,42.005,0.081675
-106.94,42.095,0.080368
-106.95,42.185,0.077793
-106.95,42.275,0.074498
-106.95,42.365,0.070965
-106.95,42.454,0.067395
-106.95,42.544,0.06358
-106.96,42.634,0.059042
-106.96,42.724,0.053514
-106.96,42.814,0.047282
-106.96,42.904,0.040967
-106.96,42.994,0.035126
-106.97,43.084,0.030136
-106.97,43.174,0.026282
-106.97,43.264,0.023795
-106.97,43.354,0.02271
-106.97,43.443,0.023729
-106.97,43.533,0.023212
-106.98,43.623,0.01933
-106.98,43.713,0.012385
-106.98,43.803,0.0095656
-106.98,43.893,0.015821
-106.98,43.983,0.029196
-106.99,44.073,0.050434
-106.99,44.163,0.075356
-106.99,44.253,0.087135
-106.99,44.343,0.088739
-106.99,44.433,0.084336
-107,44.523,0.075296
-107,44.612,0.053054
-107,44.702,0.032129
-107,44.792,0.0097661
-107,44.882,-0.0054582
-107.01,44.972,-0.01896
-107.01,45.062,-0.029098
-107.01,45.152,-0.037857
-107.01,45.242,-0.043819
-107.01,45.332,-0.048608
-107.02,45.421,-0.053552
-107.02,45.511,-0.061414
-107.02,45.601,-0.070995
-107.02,45.691,-0.081533
-107.02,45.781,-0.088923
-107.03,45.871,-0.090255
-106.81,41.287,0.041735
-106.81,41.377,0.04376
-106.81,41.467,0.048691
-106.81,41.557,0.056285
-106.82,41.647,0.065171
-106.82,41.737,0.074027
-106.82,41.826,0.081774
-106.82,41.916,0.087544
-106.82,42.006,0.090648
-106.82,42.096,0.090825
-106.83,42.186,0.088494
-106.83,42.276,0.084538
-106.83,42.366,0.07978
-106.83,42.456,0.074649
-106.83,42.546,0.069101
-106.83,42.636,0.062798
-106.84,42.725,0.055532
-106.84,42.815,0.047531
-106.84,42.905,0.039335
-106.84,42.995,0.031507
-106.84,43.085,0.024512
-106.84,43.175,0.018782
-106.85,43.265,0.014779
-106.85,43.355,0.012847
-106.85,43.445,0.013545
-106.85,43.535,0.014686
-106.85,43.625,0.014601
-106.85,43.715,0.010043
-106.86,43.805,0.013265
-106.86,43.894,0.028839
-106.86,43.984,0.043663
-106.86,44.074,0.06494
-106.86,44.164,0.083901
-106.86,44.254,0.092035
-106.87,44.344,0.088034
-106.87,44.434,0.074402
-106.87,44.524,0.052906
-106.87,44.614,0.028587
-106.87,44.704,0.0028823
-106.88,44.794,-0.015868
-106.88,44.883,-0.028414
-106.88,44.973,-0.035651
-106.88,45.063,-0.03991
-106.88,45.153,-0.041797
-106.88,45.243,-0.042288
-106.89,45.333,-0.045447
-106.89,45.423,-0.052232
-106.89,45.513,-0.060486
-106.89,45.603,-0.069987
-106.89,45.692,-0.078882
-106.9,45.782,-0.085919
-106.9,45.872,-0.087711
-106.69,41.288,0.034621
-106.69,41.378,0.036621
-106.69,41.468,0.042073
-106.69,41.558,0.050827
-106.7,41.648,0.061862
-106.7,41.738,0.073715
-106.7,41.828,0.085225
-106.7,41.918,0.094901
-106.7,42.007,0.10106
-106.7,42.097,0.10273
-106.7,42.187,0.10043
-106.71,42.277,0.095629
-106.71,42.367,0.089645
-106.71,42.457,0.083146
-106.71,42.547,0.076389
-106.71,42.637,0.068613
-106.71,42.727,0.059629
-106.71,42.817,0.049533
-106.72,42.906,0.039329
-106.72,42.996,0.029347
-106.72,43.086,0.020051
-106.72,43.176,0.0119
-106.72,43.266,0.0055025
-106.72,43.356,0.0015495
-106.73,43.446,0.00024275
-106.73,43.536,0.0018205
-106.73,43.626,0.0021728
-106.73,43.716,0.0037099
-106.73,43.806,0.0067956
-106.73,43.896,0.028238
-106.73,43.986,0.048249
-106.74,44.075,0.066245
-106.74,44.165,0.082513
-106.74,44.255,0.087111
-106.74,44.345,0.07821
-106.74,44.435,0.061346
-106.74,44.525,0.038362
-106.75,44.615,0.01043
-106.75,44.705,-0.016344
-106.75,44.795,-0.035428
-106.75,44.885,-0.046716
-106.75,44.975,-0.050572
-106.75,45.064,-0.048825
-106.76,45.154,-0.044301
-106.76,45.244,-0.040807
-106.76,45.334,-0.042034
-106.76,45.424,-0.048334
-106.76,45.514,-0.057634
-106.76,45.604,-0.066649
-106.77,45.694,-0.074585
-106.77,45.784,-0.079952
-106.77,45.873,-0.082091
-106.57,41.289,0.027245
-106.57,41.379,0.02905
-106.57,41.469,0.035371
-106.57,41.559,0.045501
-106.58,41.649,0.058684
-106.58,41.739,0.073557
-106.58,41.829,0.088878
-106.58,41.919,0.10372
-106.58,42.008,0.11355
-106.58,42.098,0.11653
-106.58,42.188,0.11288
-106.58,42.278,0.10725
-106.59,42.368,0.10016
-106.59,42.458,0.092524
-106.59,42.548,0.084718
-106.59,42.638,0.076036
-106.59,42.728,0.065244
-106.59,42.818,0.053466
-106.59,42.907,0.04112
-106.59,42.997,0.029006
-106.6,43.087,0.017327
-106.6,43.177,0.0065013
-106.6,43.267,-0.0032732
-106.6,43.357,-0.010212
-106.6,43.447,-0.013316
-106.6,43.537,-0.012383
-106.6,43.627,-0.0081679
-106.61,43.717,-0.0024997
-106.61,43.807,0.0096403
-106.61,43.897,0.027428
-106.61,43.987,0.046794
-106.61,44.077,0.062537
-106.61,44.166,0.073499
-106.61,44.256,0.077636
-106.62,44.346,0.066004
-106.62,44.436,0.047826
-106.62,44.526,0.024006
-106.62,44.616,-0.0019726
-106.62,44.706,-0.028238
-106.62,44.796,-0.051398
-106.62,44.886,-0.058667
-106.62,44.976,-0.059191
-106.63,45.066,-0.055788
-106.63,45.155,-0.04746
-106.63,45.245,-0.038337
-106.63,45.335,-0.040515
-106.63,45.425,-0.047152
-106.63,45.515,-0.055917
-106.63,45.605,-0.063926
-106.64,45.695,-0.070702
-106.64,45.785,-0.075289
-106.64,45.874,-0.077524
-106.45,41.29,0.019848
-106.45,41.38,0.022193
-106.45,41.47,0.028848
-106.45,41.56,0.040201
-106.45,41.65,0.055234
-106.46,41.74,0.072797
-106.46,41.83,0.091426
-106.46,41.919,0.11022
-106.46,42.009,0.12701
-106.46,42.099,0.12848
-106.46,42.189,0.12537
-106.46,42.279,0.11842
-106.46,42.369,0.11071
-106.46,42.459,0.10226
-106.47,42.549,0.093547
-106.47,42.639,0.083941
-106.47,42.729,0.071892
-106.47,42.818,0.058751
-106.47,42.908,0.04482
-106.47,42.998,0.030854
-106.47,43.088,0.017028
-106.47,43.178,0.0037482
-106.48,43.268,-0.0088078
-106.48,43.358,-0.019075
-106.48,43.448,-0.025012
-106.48,43.538,-0.023232
-106.48,43.628,-0.017394
-106.48,43.718,-0.0069091
-106.48,43.808,0.0073929
-106.48,43.898,0.030521
-106.48,43.988,0.042613
-106.49,44.077,0.055274
-106.49,44.167,0.062697
-106.49,44.257,0.061747
-106.49,44.347,0.051291
-106.49,44.437,0.033254
-106.49,44.527,0.011728
-106.49,44.617,-0.011744
-106.49,44.707,-0.035146
-106.5,44.797,-0.052697
-106.5,44.887,-0.061329
-106.5,44.977,-0.061478
-106.5,45.066,-0.058075
-106.5,45.156,-0.050969
-106.5,45.246,-0.045829
-106.5,45.336,-0.045584
-106.5,45.426,-0.051059
-106.51,45.516,-0.057314
-106.51,45.606,-0.06382
-106.51,45.696,-0.069275
-106.51,45.786,-0.073056
-106.51,45.875,-0.075182
-106.33,41.291,0.012343
-106.33,41.381,0.014894
-106.33,41.471,0.022064
-106.33,41.561,0.034365
-106.33,41.651,0.05109
-106.34,41.74,0.070839
-106.34,41.83,0.091916
-106.34,41.92,0.11298
-106.34,42.01,0.12881
-106.34,42.1,0.13537
-106.34,42.19,0.13443
-106.34,42.28,0.12837
-106.34,42.37,0.12078
-106.34,42.46,0.112
-106.34,42.549,0.10258
-106.34,42.639,0.091815
-106.35,42.729,0.079438
-106.35,42.819,0.065393
-106.35,42.909,0.050553
-106.35,42.999,0.035156
-106.35,43.089,0.019638
-106.35,43.179,0.0044705
-106.35,43.269,-0.010061
-106.35,43.359,-0.021923
-106.35,43.449,-0.029421
-106.35,43.539,-0.030843
-106.36,43.629,-0.025322
-106.36,43.719,-0.013464
-106.36,43.808,0.0037526
-106.36,43.898,0.021468
-106.36,43.988,0.03666
-106.36,44.078,0.046948
-106.36,44.168,0.050897
-106.36,44.258,0.047488
-106.36,44.348,0.035748
-106.36,44.438,0.018882
-106.37,44.528,-0.00086337
-106.37,44.618,-0.020079
-106.37,44.708,-0.039598
-106.37,44.798,-0.053462
-106.37,44.887,-0.060987
-106.37,44.977,-0.06292
-106.37,45.067,-0.0607
-106.37,45.157,-0.056812
-106.37,45.247,-0.053999
-106.37,45.337,-0.054397
-106.38,45.427,-0.057705
-106.38,45.517,-0.062375
-106.38,45.607,-0.067188
-106.38,45.696,-0.071246
-106.38,45.786,-0.074115
-106.38,45.876,-0.075941
-106.21,41.292,0.0044508
-106.21,41.382,0.0070103
-106.21,41.471,0.01458
-106.21,41.561,0.027839
-106.21,41.651,0.046076
-106.22,41.741,0.06767
-106.22,41.831,0.090632
-106.22,41.921,0.11224
-106.22,42.011,0.13018
-106.22,42.101,0.13965
-106.22,42.19,0.1407
-106.22,42.28,0.13711
-106.22,42.37,0.13021
-106.22,42.46,0.12157
-106.22,42.55,0.11179
-106.22,42.64,0.10078
-106.22,42.73,0.0882
-106.22,42.82,0.073962
-106.22,42.91,0.05836
-106.23,43,0.041912
-106.23,43.09,0.025177
-106.23,43.18,0.0087336
-106.23,43.27,-0.006698
-106.23,43.359,-0.0201
-106.23,43.449,-0.030071
-106.23,43.539,-0.035991
-106.23,43.629,-0.033
-106.23,43.719,-0.020887
-106.23,43.809,-0.0017466
-106.23,43.899,0.016431
-106.23,43.989,0.031003
-106.24,44.079,0.039607
-106.24,44.169,0.0409
-106.24,44.259,0.034543
-106.24,44.349,0.021337
-106.24,44.439,0.0037179
-106.24,44.528,-0.01557
-106.24,44.618,-0.03321
-106.24,44.708,-0.046748
-106.24,44.798,-0.056661
-106.24,44.888,-0.063217
-106.24,44.978,-0.065865
-106.24,45.068,-0.065687
-106.25,45.158,-0.064238
-106.25,45.248,-0.063329
-106.25,45.338,-0.064687
-106.25,45.428,-0.067514
-106.25,45.517,-0.070866
-106.25,45.607,-0.074082
-106.25,45.697,-0.076671
-106.25,45.787,-0.078774
-106.25,45.877,-0.079864
-106.09,41.292,-0.0035248
-106.09,41.382,-0.0012463
-106.09,41.472,0.0064835
-106.09,41.562,0.020606
-106.09,41.652,0.04032
-106.09,41.742,0.063697
-106.1,41.831,0.08853
-106.1,41.921,0.11212
-106.1,42.011,0.13129
-106.1,42.101,0.14332
-106.1,42.191,0.14742
-106.1,42.281,0.14513
-106.1,42.371,0.1389
-106.1,42.461,0.13068
-106.1,42.551,0.12132
-106.1,42.641,0.11077
-106.1,42.73,0.098488
-106.1,42.82,0.084129
-106.1,42.91,0.067962
-106.1,43,0.050699
-106.1,43.09,0.033133
-106.1,43.18,0.015945
-106.1,43.27,-0.00029105
-106.11,43.36,-0.014968
-106.11,43.45,-0.027068
-106.11,43.54,-0.036474
-106.11,43.63,-0.037572
-106.11,43.72,-0.024648
-106.11,43.81,-0.0057803
-106.11,43.9,0.014037
-106.11,43.989,0.027888
-106.11,44.079,0.034588
-106.11,44.169,0.033213
-106.11,44.259,0.024007
-106.11,44.349,0.0082725
-106.11,44.439,-0.011467
-106.11,44.529,-0.03271
-106.11,44.619,-0.048964
-106.11,44.709,-0.058005
-106.12,44.799,-0.062366
-106.12,44.889,-0.067276
-106.12,44.979,-0.071329
-106.12,45.068,-0.073201
-106.12,45.158,-0.074023
-106.12,45.248,-0.075162
-106.12,45.338,-0.077159
-106.12,45.428,-0.07982
-106.12,45.518,-0.082202
-106.12,45.608,-0.083937
-106.12,45.698,-0.085052
-106.12,45.788,-0.085815
-106.12,45.877,-0.086545
-105.97,41.293,-0.010785
-105.97,41.382,-0.0092557
-105.97,41.472,-0.0018052
-105.97,41.562,0.013031
-105.97,41.652,0.034208
-105.97,41.742,0.059317
-105.97,41.832,0.086104
-105.97,41.922,0.11208
-105.98,42.012,0.13406
-105.98,42.101,0.1486
-105.98,42.191,0.1541
-105.98,42.281,0.15221
-105.98,42.371,0.14614
-105.98,42.461,0.13843
-105.98,42.551,0.13009
-105.98,42.641,0.12082
-105.98,42.731,0.10947
-105.98,42.821,0.095245
-105.98,42.911,0.078544
-105.98,43.001,0.060559
-105.98,43.091,0.042479
-105.98,43.18,0.025102
-105.98,43.27,0.0088171
-105.98,43.36,-0.006176
-105.98,43.45,-0.01924
-105.98,43.54,-0.030447
-105.98,43.63,-0.035779
-105.98,43.72,-0.022143
-105.98,43.81,-0.0040814
-105.98,43.9,0.015963
-105.98,43.99,0.028378
-105.98,44.08,0.031494
-105.99,44.17,0.028088
-105.99,44.26,0.015926
-105.99,44.35,-0.0030993
-105.99,44.439,-0.025576
-105.99,44.529,-0.04745
-105.99,44.619,-0.072479
-105.99,44.709,-0.069218
-105.99,44.799,-0.068041
-105.99,44.889,-0.074731
-105.99,44.979,-0.079429
-105.99,45.069,-0.082784
-105.99,45.159,-0.085565
-105.99,45.249,-0.088205
-105.99,45.339,-0.091361
-105.99,45.428,-0.094154
-105.99,45.518,-0.095916
-105.99,45.608,-0.096146
-105.99,45.698,-0.095455
-105.99,45.788,-0.095198
-105.99,45.878,-0.095293
-105.85,41.293,-0.015717
-105.85,41.383,-0.016154
-105.85,41.472,-0.0098766
-105.85,41.562,0.0055086
-105.85,41.652,0.02847
-105.85,41.742,0.054718
-105.85,41.832,0.082919
-105.85,41.922,0.11104
-105.85,42.012,0.13779
-105.85,42.102,0.15525
-105.85,42.192,0.16096
-105.86,42.282,0.15645
-105.86,42.371,0.15017
-105.86,42.461,0.14314
-105.86,42.551,0.13645
-105.86,42.641,0.1293
-105.86,42.731,0.12087
-105.86,42.821,0.10575
-105.86,42.911,0.088513
-105.86,43.001,0.069891
-105.86,43.091,0.051668
-105.86,43.181,0.034781
-105.86,43.271,0.019384
-105.86,43.361,0.0052357
-105.86,43.45,-0.007462
-105.86,43.54,-0.018274
-105.86,43.63,-0.020865
-105.86,43.72,-0.013577
-105.86,43.81,0.0030254
-105.86,43.9,0.018598
-105.86,43.99,0.028577
-105.86,44.08,0.029987
-105.86,44.17,0.022843
-105.86,44.26,0.0078399
-105.86,44.35,-0.012746
-105.86,44.44,-0.03581
-105.86,44.53,-0.057788
-105.86,44.62,-0.073056
-105.86,44.709,-0.079057
-105.86,44.799,-0.081006
-105.86,44.889,-0.08444
-105.86,44.979,-0.089268
-105.86,45.069,-0.093707
-105.86,45.159,-0.097795
-105.86,45.249,-0.10137
-105.86,45.339,-0.10488
-105.86,45.429,-0.10789
-105.86,45.519,-0.11018
-105.86,45.608,-0.10817
-105.86,45.698,-0.10661
-105.86,45.788,-0.10571
-105.86,45.878,-0.10524
-105.73,41.293,-0.016694
-105.73,41.383,-0.017949
-105.73,41.473,-0.022597
-105.73,41.562,0.0014919
-105.73,41.652,0.024177
-105.73,41.742,0.049911
-105.73,41.832,0.077899
-105.73,41.922,0.10649
-105.73,42.012,0.13532
-105.73,42.102,0.16156
-105.73,42.192,0.16062
-105.73,42.282,0.15627
-105.73,42.372,0.14851
-105.73,42.461,0.14265
-105.73,42.551,0.13802
-105.73,42.641,0.13502
-105.73,42.731,0.1284
-105.73,42.821,0.11477
-105.73,42.911,0.096458
-105.73,43.001,0.076432
-105.73,43.091,0.05872
-105.73,43.181,0.04309
-105.73,43.271,0.029424
-105.73,43.361,0.017931
-105.73,43.451,0.0062978
-105.73,43.541,-0.0039452
-105.73,43.63,-0.0078651
-105.73,43.72,-0.004619
-105.73,43.81,0.005585
-105.73,43.9,0.017562
-105.73,43.99,0.024983
-105.73,44.08,0.022031
-105.73,44.17,0.013938
-105.73,44.26,-0.0025142
-105.73,44.35,-0.023344
-105.73,44.44,-0.045763
-105.73,44.53,-0.065248
-105.73,44.62,-0.079897
-105.74,44.71,-0.086529
-105.74,44.8,-0.090464
-105.74,44.889,-0.094204
-105.74,44.979,-0.099017
-105.74,45.069,-0.1045
-105.74,45.159,-0.10964
-105.74,45.249,-0.11358
-105.74,45.339,-0.11657
-105.74,45.429,-0.11836
-105.74,45.519,-0.11907
-105.74,45.609,-0.11853
-105.74,45.698,-0.11723
-105.74,45.788,-0.11622
-105.74,45.878,-0.11534
-105.61,41.293,-0.010961
-105.61,41.383,-0.012549
-105.61,41.473,-0.0098132
-105.61,41.562,0.0022294
-105.61,41.652,0.021703
-105.61,41.742,0.044679
-105.61,41.832,0.070196
-105.61,41.922,0.096617
-105.61,42.012,0.12339
-105.61,42.102,0.14265
-105.61,42.192,0.14809
-105.61,42.282,0.14392
-105.61,42.371,0.13947
-105.61,42.461,0.13528
-105.61,42.551,0.13247
-105.61,42.641,0.13176
-105.61,42.731,0.13252
-105.61,42.821,0.11525
-105.61,42.911,0.096897
-105.61,43.001,0.077878
-105.61,43.091,0.061712
-105.61,43.181,0.047984
-105.61,43.271,0.037354
-105.61,43.361,0.027983
-105.61,43.451,0.017313
-105.61,43.541,0.0065894
-105.61,43.63,-0.00041138
-105.61,43.72,-0.0014326
-105.61,43.81,0.0017268
-105.61,43.9,0.0072848
-105.61,43.99,0.0095536
-105.61,44.08,0.0074352
-105.61,44.17,-0.001513
-105.61,44.26,-0.015803
-105.61,44.35,-0.035163
-105.61,44.44,-0.055162
-105.61,44.53,-0.074006
-105.61,44.62,-0.086347
-105.61,44.71,-0.092206
-105.61,44.799,-0.096385
-105.61,44.889,-0.10066
-105.61,44.979,-0.10637
-105.61,45.069,-0.1131
-105.61,45.159,-0.12049
-105.61,45.249,-0.12447
-105.61,45.339,-0.12491
-105.61,45.429,-0.12542
-105.61,45.519,-0.12578
-105.61,45.609,-0.12616
-105.61,45.698,-0.12683
-105.61,45.788,-0.12609
-105.61,45.878,-0.12438
-105.49,41.293,-0.002328
-105.49,41.383,-0.0045126
-105.49,41.472,-0.0030451
-105.49,41.562,0.0054566
-105.49,41.652,0.019908
-105.49,41.742,0.038614
-105.49,41.832,0.059905
-105.49,41.922,0.082049
-105.49,42.012,0.10247
-105.49,42.102,0.1195
-105.49,42.192,0.12665
-105.49,42.281,0.12575
-105.49,42.371,0.12355
-105.49,42.461,0.12105
-105.49,42.551,0.11924
-105.49,42.641,0.11862
-105.49,42.731,0.11425
-105.49,42.821,0.10389
-105.49,42.911,0.088164
-105.49,43.001,0.073312
-105.49,43.091,0.05967
-105.49,43.181,0.048098
-105.49,43.271,0.039248
-105.49,43.36,0.031132
-105.49,43.45,0.021275
-105.49,43.54,0.010458
-105.49,43.63,0.0016905
-105.49,43.72,-0.0029707
-105.49,43.81,-0.0052012
-105.48,43.9,-0.0065481
-105.48,43.99,-0.0085611
-105.48,44.08,-0.010653
-105.48,44.17,-0.017117
-105.48,44.26,-0.029011
-105.48,44.35,-0.044871
-105.48,44.44,-0.063584
-105.48,44.53,-0.080269
-105.48,44.619,-0.090264
-105.48,44.709,-0.095044
-105.48,44.799,-0.09779
-105.48,44.889,-0.10241
-105.48,44.979,-0.10898
-105.48,45.069,-0.11818
-105.48,45.159,-0.12641
-105.48,45.249,-0.13034
-105.48,45.339,-0.1302
-105.48,45.429,-0.12889
-105.48,45.518,-0.12953
-105.48,45.608,-0.13173
-105.48,45.698,-0.13382
-105.48,45.788,-0.13318
-105.48,45.878,-0.13145
-105.37,41.292,0.00031408
-105.37,41.382,3.4231e-05
-105.37,41.472,0.00092758
-105.37,41.562,0.0068238
-105.37,41.652,0.017347
-105.37,41.742,0.031521
-105.37,41.832,0.047964
-105.37,41.922,0.065097
-105.37,42.011,0.080985
-105.37,42.101,0.093361
-105.37,42.191,0.10066
-105.37,42.281,0.10328
-105.37,42.371,0.10311
-105.37,42.461,0.10189
-105.37,42.551,0.10034
-105.37,42.641,0.09799
-105.37,42.731,0.093401
-105.37,42.821,0.08555
-105.37,42.911,0.075116
-105.37,43,0.06383
-105.36,43.09,0.053118
-105.36,43.18,0.043609
-105.36,43.27,0.035111
-105.36,43.36,0.027643
-105.36,43.45,0.01848
-105.36,43.54,0.0079515
-105.36,43.63,-0.00080388
-105.36,43.72,-0.0077517
-105.36,43.81,-0.013242
-105.36,43.9,-0.017695
-105.36,43.99,-0.021598
-105.36,44.08,-0.024632
-105.36,44.17,-0.029544
-105.36,44.259,-0.038247
-105.36,44.349,-0.05054
-105.36,44.439,-0.06579
-105.36,44.529,-0.08054
-105.36,44.619,-0.087583
-105.36,44.709,-0.090684
-105.35,44.799,-0.093084
-105.35,44.889,-0.097957
-105.35,44.979,-0.10496
-105.35,45.069,-0.11469
-105.35,45.159,-0.12441
-105.35,45.249,-0.12835
-105.35,45.338,-0.12757
-105.35,45.428,-0.12688
-105.35,45.518,-0.12867
-105.35,45.608,-0.1323
-105.35,45.698,-0.13602
-105.35,45.788,-0.13596
-105.35,45.878,-0.13454
-105.25,41.292,0.00076858
-105.25,41.382,0.0011177
-105.25,41.472,0.0019983
-105.25,41.562,0.0061445
-105.25,41.651,0.013569
-105.25,41.741,0.023724
-105.25,41.831,0.035597
-105.25,41.921,0.048004
-105.25,42.011,0.059714
-105.25,42.101,0.069488
-105.25,42.191,0.07632
-105.25,42.281,0.079991
-105.25,42.371,0.081138
-105.25,42.461,0.080636
-105.25,42.55,0.079042
-105.24,42.64,0.07639
-105.24,42.73,0.072324
-105.24,42.82,0.066588
-105.24,42.91,0.059452
-105.24,43,0.051604
-105.24,43.09,0.043703
-105.24,43.18,0.036082
-105.24,43.27,0.028629
-105.24,43.36,0.020827
-105.24,43.45,0.012203
-105.24,43.54,0.0029687
-105.24,43.63,-0.0060401
-105.24,43.719,-0.014071
-105.24,43.809,-0.020804
-105.24,43.899,-0.026783
-105.23,43.989,-0.031117
-105.23,44.079,-0.033777
-105.23,44.169,-0.037251
-105.23,44.259,-0.042702
-105.23,44.349,-0.050818
-105.23,44.439,-0.061252
-105.23,44.529,-0.070073
-105.23,44.619,-0.075808
-105.23,44.709,-0.078196
-105.23,44.799,-0.081769
-105.23,44.888,-0.087088
-105.23,44.978,-0.094003
-105.23,45.068,-0.10281
-105.23,45.158,-0.11007
-105.22,45.248,-0.11489
-105.22,45.338,-0.11635
-105.22,45.428,-0.1192
-105.22,45.518,-0.12312
-105.22,45.608,-0.12836
-105.22,45.698,-0.13252
-105.22,45.787,-0.13446
-105.22,45.877,-0.13392
-105.13,41.291,-0.00070898
-105.13,41.381,-0.00034209
-105.13,41.471,0.00086262
-105.13,41.561,0.0038621
-105.13,41.651,0.0090205
-105.13,41.741,0.015977
-105.13,41.831,0.024033
-105.13,41.921,0.032463
-105.13,42.01,0.040251
-105.13,42.1,0.047882
-105.13,42.19,0.054539
-105.13,42.28,0.058607
-105.13,42.37,0.060362
-105.12,42.46,0.060106
-105.12,42.55,0.058293
-105.12,42.64,0.055401
-105.12,42.73,0.051897
-105.12,42.82,0.048029
-105.12,42.91,0.043722
-105.12,42.999,0.038842
-105.12,43.089,0.033415
-105.12,43.179,0.027513
-105.12,43.269,0.021067
-105.12,43.359,0.013857
-105.11,43.449,0.0057141
-105.11,43.539,-0.0031727
-105.11,43.629,-0.012221
-105.11,43.719,-0.020709
-105.11,43.809,-0.027977
-105.11,43.899,-0.033499
-105.11,43.989,-0.037416
-105.11,44.079,-0.039423
-105.11,44.169,-0.040461
-105.11,44.258,-0.042463
-105.11,44.348,-0.046223
-105.11,44.438,-0.050903
-105.1,44.528,-0.055252
-105.1,44.618,-0.058525
-105.1,44.708,-0.061254
-105.1,44.798,-0.064925
-105.1,44.888,-0.070215
-105.1,44.978,-0.077228
-105.1,45.068,-0.083475
-105.1,45.158,-0.089916
-105.1,45.248,-0.095831
-105.1,45.337,-0.10129
-105.1,45.427,-0.10722
-105.09,45.517,-0.11409
-105.09,45.607,-0.1213
-105.09,45.697,-0.12736
-105.09,45.787,-0.13103
-105.09,45.877,-0.13221
-105.02,41.291,-0.0025583
-105.01,41.381,-0.0023292
-105.01,41.47,-0.0013474
-105.01,41.56,0.00089053
-105.01,41.65,0.0045345
-105.01,41.74,0.009209
-105.01,41.83,0.014456
-105.01,41.92,0.019396
-105.01,42.01,0.024536
-105.01,42.1,0.030675
-105.01,42.19,0.036627
-105,42.279,0.041096
-105,42.369,0.042939
-105,42.459,0.04257
-105,42.549,0.04038
-105,42.639,0.036586
-105,42.729,0.033423
-105,42.819,0.031266
-105,42.909,0.029902
-105,42.999,0.027466
-105,43.089,0.024088
-104.99,43.179,0.019671
-104.99,43.269,0.014189
-104.99,43.359,0.007601
-104.99,43.448,-0.00010749
-104.99,43.538,-0.0087796
-104.99,43.628,-0.017943
-104.99,43.718,-0.02678
-104.99,43.808,-0.034227
-104.99,43.898,-0.039375
-104.98,43.988,-0.041851
-104.98,44.078,-0.04231
-104.98,44.168,-0.040073
-104.98,44.258,-0.038748
-104.98,44.348,-0.038326
-104.98,44.438,-0.038605
-104.98,44.528,-0.038973
-104.98,44.617,-0.039448
-104.98,44.707,-0.040707
-104.97,44.797,-0.043772
-104.97,44.887,-0.048645
-104.97,44.977,-0.054803
-104.97,45.067,-0.061293
-104.97,45.157,-0.06801
-104.97,45.247,-0.075341
-104.97,45.337,-0.083466
-104.97,45.427,-0.092811
-104.97,45.516,-0.10324
-104.96,45.606,-0.11377
-104.96,45.696,-0.12268
-104.96,45.786,-0.12844
-104.96,45.876,-0.13076
-104.9,41.29,-0.0045579
-104.89,41.38,-0.0044581
-104.89,41.47,-0.0036945
-104.89,41.56,-0.0018674
-104.89,41.649,0.00088937
-104.89,41.739,0.0042134
-104.89,41.829,0.0078006
-104.89,41.919,0.010974
-104.89,42.009,0.014217
-104.89,42.099,0.019373
-104.88,42.189,0.024715
-104.88,42.279,0.028754
-104.88,42.369,0.030307
-104.88,42.458,0.029645
-104.88,42.548,0.027102
-104.88,42.638,0.022685
-104.88,42.728,0.01887
-104.88,42.818,0.018956
-104.87,42.908,0.01965
-104.87,42.998,0.019
-104.87,43.088,0.017161
-104.87,43.178,0.013926
-104.87,43.268,0.0091762
-104.87,43.358,0.003183
-104.87,43.448,-0.0040025
-104.87,43.538,-0.012564
-104.86,43.627,-0.021997
-104.86,43.717,-0.031349
-104.86,43.807,-0.039672
-104.86,43.897,-0.044206
-104.86,43.987,-0.044438
-104.86,44.077,-0.04133
-104.86,44.167,-0.036482
-104.86,44.257,-0.032099
-104.85,44.347,-0.028917
-104.85,44.437,-0.025185
-104.85,44.527,-0.021724
-104.85,44.617,-0.019155
-104.85,44.707,-0.018463
-104.85,44.796,-0.020401
-104.85,44.886,-0.025028
-104.85,44.976,-0.031084
-104.84,45.066,-0.037735
-104.84,45.156,-0.045286
-104.84,45.246,-0.054019
-104.84,45.336,-0.064617
-104.84,45.426,-0.077404
-104.84,45.516,-0.091836
-104.84,45.605,-0.10646
-104.83,45.695,-0.11901
-104.83,45.785,-0.12736
-104.83,45.875,-0.13079
-104.78,41.289,-0.0063344
-104.77,41.379,-0.006266
-104.77,41.469,-0.0055773
-104.77,41.559,-0.0038731
-104.77,41.648,-0.0014565
-104.77,41.738,0.001363
-104.77,41.828,0.0043808
-104.77,41.918,0.0071451
-104.77,42.008,0.010567
-104.76,42.098,0.014636
-104.76,42.188,0.019099
-104.76,42.278,0.021966
-104.76,42.368,0.023039
-104.76,42.458,0.022111
-104.76,42.547,0.019488
-104.76,42.637,0.015185
-104.75,42.727,0.011699
-104.75,42.817,0.012452
-104.75,42.907,0.014015
-104.75,42.997,0.014369
-104.75,43.087,0.013542
-104.75,43.177,0.011103
-104.75,43.267,0.0071235
-104.74,43.357,0.0016588
-104.74,43.447,-0.0051081
-104.74,43.537,-0.013428
-104.74,43.626,-0.023176
-104.74,43.716,-0.033799
-104.74,43.806,-0.042552
-104.74,43.896,-0.047178
-104.73,43.986,-0.045697
-104.73,44.076,-0.040013
-104.73,44.166,-0.031344
-104.73,44.256,-0.026107
-104.73,44.346,-0.019606
-104.73,44.436,-0.011912
-104.73,44.526,-0.0048085
-104.72,44.616,0.0013429
-104.72,44.706,0.0042666
-104.72,44.795,0.0032142
-104.72,44.885,-0.0020385
-104.72,44.975,-0.0083976
-104.72,45.065,-0.015637
-104.72,45.155,-0.023683
-104.71,45.245,-0.033389
-104.71,45.335,-0.045972
-104.71,45.425,-0.06199
-104.71,45.515,-0.080554
-104.71,45.604,-0.099657
-104.71,45.694,-0.11639
-104.7,45.784,-0.12779
-104.7,45.874,-0.13232
-104.66,41.288,-0.0077764
-104.66,41.378,-0.0076104
-104.65,41.468,-0.006721
-104.65,41.558,-0.0049743
-104.65,41.647,-0.0024574
-104.65,41.737,0.00051979
-104.65,41.827,0.0037835
-104.65,41.917,0.0072444
-104.64,42.007,0.010919
-104.64,42.097,0.01467
-104.64,42.187,0.017998
-104.64,42.277,0.020217
-104.64,42.367,0.02085
-104.64,42.456,0.019804
-104.64,42.546,0.017411
-104.63,42.636,0.01397
-104.63,42.726,0.011896
-104.63,42.816,0.01167
-104.63,42.906,0.012986
-104.63,42.996,0.013678
-104.63,43.086,0.01348
-104.62,43.176,0.01182
-104.62,43.266,0.0085832
-104.62,43.356,0.0036421
-104.62,43.446,-0.0024629
-104.62,43.535,-0.010571
-104.62,43.625,-0.02044
-104.61,43.715,-0.03157
-104.61,43.805,-0.041696
-104.61,43.895,-0.047915
-104.61,43.985,-0.045815
-104.61,44.075,-0.041088
-104.61,44.165,-0.032653
-104.6,44.255,-0.021917
-104.6,44.345,-0.010979
-104.6,44.435,0.00068314
-104.6,44.525,0.01081
-104.6,44.615,0.019266
-104.6,44.704,0.024509
-104.59,44.794,0.023831
-104.59,44.884,0.018096
-104.59,44.974,0.010549
-104.59,45.064,0.0030086
-104.59,45.154,-0.0051985
-104.59,45.244,-0.014338
-104.58,45.334,-0.027967
-104.58,45.424,-0.046813
-104.58,45.513,-0.069804
-104.58,45.603,-0.092807
-104.58,45.693,-0.11467
-104.58,45.783,-0.12974
-104.57,45.873,-0.13541
-104.54,41.287,-0.0089748
-104.54,41.377,-0.0086225
-104.53,41.466,-0.0074698
-104.53,41.556,-0.0053699
-104.53,41.646,-0.0024123
-104.53,41.736,0.0011771
-104.53,41.826,0.0051866
-104.53,41.916,0.0094221
-104.52,42.006,0.013665
-104.52,42.096,0.017571
-104.52,42.186,0.020656
-104.52,42.275,0.022472
-104.52,42.365,0.022806
-104.51,42.455,0.021746
-104.51,42.545,0.01968
-104.51,42.635,0.017333
-104.51,42.725,0.015615
-104.51,42.815,0.015068
-104.51,42.905,0.015489
-104.5,42.995,0.016194
-104.5,43.085,0.016484
-104.5,43.175,0.015795
-104.5,43.264,0.013545
-104.5,43.354,0.0096859
-104.5,43.444,0.0039125
-104.49,43.534,-0.0038504
-104.49,43.624,-0.013468
-104.49,43.714,-0.024361
-104.49,43.804,-0.033922
-104.49,43.894,-0.04042
-104.48,43.984,-0.043436
-104.48,44.074,-0.041654
-104.48,44.164,-0.034541
-104.48,44.254,-0.019538
-104.48,44.344,-0.0015867
-104.48,44.433,0.013192
-104.47,44.523,0.024813
-104.47,44.613,0.033597
-104.47,44.703,0.038178
-104.47,44.793,0.037293
-104.47,44.883,0.031752
-104.46,44.973,0.023992
-104.46,45.063,0.016271
-104.46,45.153,0.0087751
-104.46,45.243,-0.00063307
-104.46,45.332,-0.011762
-104.45,45.422,-0.034951
-104.45,45.512,-0.060127
-104.45,45.602,-0.084933
-104.45,45.692,-0.10873
-104.45,45.782,-0.1265
-104.45,45.872,-0.13684
-104.42,41.285,-0.010134
-104.42,41.375,-0.0096057
-104.41,41.465,-0.0081158
-104.41,41.555,-0.0054858
-104.41,41.645,-0.0018087
-104.41,41.735,0.0026705
-104.41,41.825,0.0077087
-104.4,41.915,0.013014
-104.4,42.004,0.018182
-104.4,42.094,0.022656
-104.4,42.184,0.025861
-104.4,42.274,0.027481
-104.39,42.364,0.027586
-104.39,42.454,0.026487
-104.39,42.544,0.024609
-104.39,42.634,0.022491
-104.39,42.724,0.020747
-104.39,42.814,0.019843
-104.38,42.903,0.019877
-104.38,42.993,0.020574
-104.38,43.083,0.021422
-104.38,43.173,0.02178
-104.38,43.263,0.020951
-104.37,43.353,0.018278
-104.37,43.443,0.013307
-104.37,43.533,0.0060053
-104.37,43.623,-0.0030728
-104.37,43.713,-0.01279
-104.36,43.803,-0.021699
-104.36,43.893,-0.028564
-104.36,43.982,-0.033195
-104.36,44.072,-0.035121
-104.36,44.162,-0.031822
-104.35,44.252,-0.01048
-104.35,44.342,0.011434
-104.35,44.432,0.026887
-104.35,44.522,0.037488
-104.35,44.612,0.043702
-104.34,44.702,0.04653
-104.34,44.792,0.044535
-104.34,44.882,0.038444
-104.34,44.971,0.031141
-104.34,45.061,0.023112
-104.33,45.151,0.014523
-104.33,45.241,0.0054647
-104.33,45.331,-0.007858
-104.33,45.421,-0.02812
-104.32,45.511,-0.052171
-104.32,45.601,-0.075746
-104.32,45.69,-0.097961
-104.32,45.78,-0.11328
-104.32,45.87,-0.11915
-104.3,41.284,-0.011458
-104.3,41.374,-0.010774
-104.29,41.464,-0.0089272
-104.29,41.554,-0.005687
-104.29,41.643,-0.001177
-104.29,41.733,0.0043034
-104.29,41.823,0.010487
-104.28,41.913,0.017036
-104.28,42.003,0.02341
-104.28,42.093,0.028791
-104.28,42.183,0.032349
-104.28,42.273,0.033817
-104.27,42.363,0.033621
-104.27,42.452,0.032378
-104.27,42.542,0.030512
-104.27,42.632,0.028327
-104.26,42.722,0.026232
-104.26,42.812,0.024776
-104.26,42.902,0.024392
-104.26,42.992,0.025149
-104.26,43.082,0.026716
-104.25,43.172,0.028409
-104.25,43.262,0.029254
-104.25,43.352,0.028138
-104.25,43.441,0.024229
-104.25,43.531,0.017538
-104.24,43.621,0.0090007
-104.24,43.711,3.1649e-05
-104.24,43.801,-0.0079708
-104.24,43.891,-0.013964
-104.23,43.981,-0.017005
-104.23,44.071,-0.018799
-104.23,44.161,-0.012634
-104.23,44.251,0.0072425
-104.23,44.341,0.029464
-104.22,44.431,0.041982
-104.22,44.52,0.048678
-104.22,44.61,0.051216
-104.22,44.7,0.050457
-104.21,44.79,0.046628
-104.21,44.88,0.040262
-104.21,44.97,0.032342
-104.21,45.06,0.023705
-104.21,45.15,0.014501
-104.2,45.24,0.0046749
-104.2,45.329,-0.0087094
-104.2,45.419,-0.025967
-104.2,45.509,-0.046374
-104.19,45.599,-0.066245
-104.19,45.689,-0.08344
-104.19,45.779,-0.09517
-104.19,45.869,-0.10005
-104.18,41.282,-0.013142
-104.18,41.372,-0.012415
-104.17,41.462,-0.010292
-104.17,41.552,-0.0064077
-104.17,41.642,-0.00099102
-104.17,41.732,0.0053976
-104.17,41.822,0.01263
-104.16,41.911,0.020389
-104.16,42.001,0.028038
-104.16,42.091,0.035185
-104.16,42.181,0.039237
-104.15,42.271,0.039697
-104.15,42.361,0.039083
-104.15,42.451,0.037627
-104.15,42.541,0.035707
-104.14,42.631,0.033262
-104.14,42.721,0.030491
-104.14,42.81,0.028194
-104.14,42.9,0.027259
-104.14,42.99,0.028088
-104.13,43.08,0.030509
-104.13,43.17,0.033836
-104.13,43.26,0.036819
-104.13,43.35,0.037703
-104.12,43.44,0.035008
-104.12,43.53,0.028747
-104.12,43.62,0.020482
-104.12,43.71,0.012183
-104.11,43.799,0.0054353
-104.11,43.889,0.0013512
-104.11,43.979,0.00052853
-104.11,44.069,0.0049526
-104.1,44.159,0.0087974
-104.1,44.249,0.037784
-104.1,44.339,0.053582
-104.1,44.429,0.055212
-104.1,44.519,0.056377
-104.09,44.609,0.054633
-104.09,44.699,0.050852
-104.09,44.788,0.044997
-104.09,44.878,0.037306
-104.08,44.968,0.028411
-104.08,45.058,0.018933
-104.08,45.148,0.0091021
-104.08,45.238,-0.0014726
-104.07,45.328,-0.013582
-104.07,45.418,-0.027612
-104.07,45.508,-0.042911
-104.07,45.597,-0.057967
-104.06,45.687,-0.070707
-104.06,45.777,-0.079306
-104.06,45.867,-0.083206
-104.06,41.281,-0.015011
-104.06,41.371,-0.014269
-104.05,41.46,-0.012348
-104.05,41.55,-0.0075767
-104.05,41.64,-0.0016331
-104.05,41.73,0.0053343
-104.04,41.82,0.013249
-104.04,41.91,0.021828
-104.04,42,0.031069
-104.04,42.089,0.038899
-104.03,42.179,0.043837
-104.03,42.269,0.043779
-104.03,42.359,0.04186
-104.03,42.449,0.040212
-104.03,42.539,0.0389
-104.02,42.629,0.036196
-104.02,42.719,0.032291
-104.02,42.809,0.028319
-104.02,42.899,0.026702
-104.01,42.988,0.027528
-104.01,43.078,0.03077
-104.01,43.168,0.035814
-104.01,43.258,0.041176
-104,43.348,0.045973
-104,43.438,0.044559
-104,43.528,0.036911
-104,43.618,0.028695
-103.99,43.708,0.020946
-103.99,43.798,0.015469
-103.99,43.888,0.013356
-103.98,43.978,0.015882
-103.98,44.067,0.023925
-103.98,44.157,0.04235
-103.98,44.247,0.060228
-103.97,44.337,0.065341
-103.97,44.427,0.063697
-103.97,44.517,0.05667
-103.97,44.607,0.052323
-103.96,44.697,0.046645
-103.96,44.787,0.03923
-103.96,44.877,0.030207
-103.96,44.966,0.020166
-103.95,45.056,0.009781
-103.95,45.146,-0.00047796
-103.95,45.236,-0.010529
-103.95,45.326,-0.020652
-103.94,45.416,-0.031121
-103.94,45.506,-0.041778
-103.94,45.596,-0.051915
-103.93,45.685,-0.060345
-103.93,45.775,-0.066065
-103.93,45.865,-0.068969
-103.94,41.279,-0.017253
-103.94,41.369,-0.016246
-103.93,41.459,-0.013779
-103.93,41.548,-0.0094441
-103.93,41.638,-0.0034589
-103.93,41.728,0.0036075
-103.92,41.818,0.01163
-103.92,41.908,0.020298
-103.92,41.998,0.029616
-103.92,42.088,0.037581
-103.91,42.178,0.042867
-103.91,42.267,0.04215
-103.91,42.357,0.039967
-103.91,42.447,0.038635
-103.9,42.537,0.036943
-103.9,42.627,0.035795
-103.9,42.717,0.028588
-103.9,42.807,0.023415
-103.89,42.897,0.021176
-103.89,42.987,0.021858
-103.89,43.076,0.025553
-103.88,43.166,0.031792
-103.88,43.256,0.040715
-103.88,43.346,0.047576
-103.88,43.436,0.047454
-103.87,43.526,0.040227
-103.87,43.616,0.030723
-103.87,43.706,0.023737
-103.87,43.796,0.019346
-103.86,43.886,0.018694
-103.86,43.976,0.02144
-103.86,44.065,0.029401
-103.85,44.155,0.039274
-103.85,44.245,0.051061
-103.85,44.335,0.060607
-103.85,44.425,0.050305
-103.84,44.515,0.046405
-103.84,44.605,0.043639
-103.84,44.695,0.037607
-103.83,44.785,0.02956
-103.83,44.875,0.019524
-103.83,44.964,0.0083988
-103.83,45.054,-0.0028619
-103.82,45.144,-0.013367
-103.82,45.234,-0.022481
-103.82,45.324,-0.030138
-103.81,45.414,-0.03678
-103.81,45.504,-0.042845
-103.81,45.594,-0.048357
-103.81,45.683,-0.052886
-103.8,45.773,-0.056047
-103.8,45.863,-0.057963
-103.82,41.277,-0.020242
-103.82,41.367,-0.019029
-103.81,41.457,-0.016525
-103.81,41.546,-0.012421
-103.81,41.636,-0.0068318
-103.81,41.726,-9.6565e-05
-103.8,41.816,0.0074725
-103.8,41.906,0.015485
-103.8,41.996,0.023254
-103.8,42.086,0.030411
-103.79,42.176,0.034197
-103.79,42.265,0.034656
-103.79,42.355,0.032547
-103.78,42.445,0.030647
-103.78,42.535,0.027879
-103.78,42.625,0.023954
-103.78,42.715,0.018036
-103.77,42.805,0.012494
-103.77,42.895,0.0098577
-103.77,42.985,0.010171
-103.76,43.074,0.013579
-103.76,43.164,0.019756
-103.76,43.254,0.029095
-103.76,43.344,0.037551
-103.75,43.434,0.038704
-103.75,43.524,0.03227
-103.75,43.614,0.024372
-103.74,43.704,0.018923
-103.74,43.794,0.015556
-103.74,43.884,0.014973
-103.73,43.974,0.016554
-103.73,44.063,0.017793
-103.73,44.153,0.017637
-103.73,44.243,0.012427
-103.72,44.333,0.015485
-103.72,44.423,0.022934
-103.72,44.513,0.027462
-103.71,44.603,0.028741
-103.71,44.693,0.02494
-103.71,44.783,0.016914
-103.71,44.872,0.00594
-103.7,44.962,-0.0059749
-103.7,45.052,-0.018019
-103.7,45.142,-0.028708
-103.69,45.232,-0.036656
-103.69,45.322,-0.041495
-103.69,45.412,-0.044125
-103.68,45.502,-0.045769
-103.68,45.591,-0.047093
-103.68,45.681,-0.048202
-103.67,45.771,-0.049126
-103.67,45.861,-0.049902
-103.7,41.275,-0.024667
-103.7,41.365,-0.023412
-103.69,41.454,-0.021013
-103.69,41.544,-0.01718
-103.69,41.634,-0.012006
-103.69,41.724,-0.0058368
-103.68,41.814,0.00094617
-103.68,41.904,0.0078774
-103.68,41.994,0.014319
-103.67,42.084,0.019386
-103.67,42.173,0.022191
-103.67,42.263,0.022395
-103.67,42.353,0.020447
-103.66,42.443,0.01704
-103.66,42.533,0.013019
-103.66,42.623,0.0074916
-103.65,42.713,0.00094852
-103.65,42.803,-0.004055
-103.65,42.893,-0.006961
-103.64,42.982,-0.0073129
-103.64,43.072,-0.0050524
-103.64,43.162,-0.00038608
-103.63,43.252,0.0057668
-103.63,43.342,0.013136
-103.63,43.432,0.015552
-103.63,43.522,0.012555
-103.62,43.612,0.0096068
-103.62,43.702,0.0066595
-103.62,43.792,0.0045267
-103.61,43.881,0.0034735
-103.61,43.971,0.0020398
-103.61,44.061,-0.0011498
-103.6,44.151,-0.0097952
-103.6,44.241,-0.017343
-103.6,44.331,-0.032172
-103.59,44.421,-0.0075407
-103.59,44.511,0.0041128
-103.59,44.601,0.01217
-103.58,44.69,0.008278
-103.58,44.78,0.0010564
-103.58,44.87,-0.0095808
-103.57,44.96,-0.021663
-103.57,45.05,-0.03414
-103.57,45.14,-0.046309
-103.57,45.23,-0.053068
-103.56,45.32,-0.05449
-103.56,45.409,-0.052172
-103.56,45.499,-0.049863
-103.55,45.589,-0.047645
-103.55,45.679,-0.045946
-103.55,45.769,-0.044819
-103.54,45.859,-0.044843
-103.58,41.273,-0.030737
-103.58,41.362,-0.02955
-103.57,41.452,-0.027329
-103.57,41.542,-0.023778
-103.57,41.632,-0.019008
-103.57,41.722,-0.013426
-103.56,41.812,-0.0074935
-103.56,41.902,-0.0017066
-103.56,41.991,0.0033833
-103.55,42.081,0.0071431
-103.55,42.171,0.008949
-103.55,42.261,0.0084238
-103.54,42.351,0.0056024
-103.54,42.441,0.00081179
-103.54,42.531,-0.0055098
-103.53,42.621,-0.012678
-103.53,42.71,-0.019492
-103.53,42.8,-0.024712
-103.52,42.89,-0.027882
-103.52,42.98,-0.029163
-103.52,43.07,-0.028724
-103.51,43.16,-0.026591
-103.51,43.25,-0.022921
-103.51,43.34,-0.018514
-103.5,43.43,-0.014709
-103.5,43.52,-0.012347
-103.5,43.609,-0.011304
-103.5,43.699,-0.01114
-103.49,43.789,-0.011667
-103.49,43.879,-0.013099
-103.49,43.969,-0.01603
-103.48,44.059,-0.021091
-103.48,44.149,-0.027891
-103.48,44.239,-0.035785
-103.47,44.329,-0.037179
-103.47,44.418,-0.029099
-103.46,44.508,-0.018588
-103.46,44.598,-0.011965
-103.46,44.688,-0.011395
-103.45,44.778,-0.016861
-103.45,44.868,-0.025608
-103.45,44.958,-0.036901
-103.44,45.048,-0.050117
-103.44,45.138,-0.061963
-103.44,45.227,-0.068923
-103.43,45.317,-0.065082
-103.43,45.407,-0.059508
-103.43,45.497,-0.054276
-103.42,45.587,-0.04945
-103.42,45.677,-0.045701
-103.42,45.766,-0.043243
-103.41,45.856,-0.042601
-103.46,41.27,-0.038489
-103.46,41.36,-0.037475
-103.45,41.45,-0.035478
-103.45,41.54,-0.032145
-103.45,41.63,-0.027633
-103.44,41.719,-0.022482
-103.44,41.809,-0.017263
-103.44,41.899,-0.01247
-103.44,41.989,-0.0085187
-103.43,42.079,-0.005818
-103.43,42.169,-0.0048489
-103.43,42.259,-0.0061212
-103.42,42.348,-0.0099415
-103.42,42.438,-0.016259
-103.42,42.528,-0.024576
-103.41,42.618,-0.033718
-103.41,42.708,-0.042401
-103.41,42.798,-0.047276
-103.4,42.888,-0.05065
-103.4,42.978,-0.052988
-103.39,43.068,-0.054783
-103.39,43.157,-0.055752
-103.39,43.247,-0.05501
-103.38,43.337,-0.051774
-103.38,43.427,-0.046362
-103.38,43.517,-0.040276
-103.37,43.607,-0.035108
-103.37,43.697,-0.031708
-103.37,43.787,-0.030327
-103.36,43.877,-0.031058
-103.36,43.967,-0.033948
-103.36,44.056,-0.038812
-103.35,44.146,-0.044732
-103.35,44.236,-0.049652
-103.35,44.326,-0.050535
-103.34,44.416,-0.04608
-103.34,44.506,-0.038763
-103.34,44.596,-0.032802
-103.33,44.686,-0.030916
-103.33,44.776,-0.033751
-103.32,44.865,-0.040566
-103.32,44.955,-0.050109
-103.32,45.045,-0.061579
-103.31,45.135,-0.070843
-103.31,45.225,-0.074811
-103.31,45.315,-0.072031
-103.3,45.405,-0.065233
-103.3,45.494,-0.058441
-103.3,45.584,-0.052049
-103.29,45.674,-0.047008
-103.29,45.764,-0.043949
-103.28,45.854,-0.042872
-103.34,41.268,-0.047708
-103.34,41.358,-0.046941
-103.33,41.447,-0.045458
-103.33,41.537,-0.042199
-103.33,41.627,-0.037451
-103.32,41.717,-0.032466
-103.32,41.807,-0.027698
-103.32,41.897,-0.023633
-103.31,41.986,-0.020514
-103.31,42.076,-0.018826
-103.31,42.166,-0.018045
-103.3,42.256,-0.019809
-103.3,42.346,-0.024424
-103.3,42.436,-0.032066
-103.29,42.526,-0.042258
-103.29,42.616,-0.054402
-103.29,42.705,-0.064331
-103.28,42.795,-0.069724
-103.28,42.885,-0.072366
-103.28,42.975,-0.075823
-103.27,43.065,-0.080006
-103.27,43.155,-0.08422
-103.26,43.245,-0.08832
-103.26,43.335,-0.086337
-103.26,43.425,-0.078763
-103.25,43.514,-0.067456
-103.25,43.604,-0.058585
-103.25,43.694,-0.05229
-103.24,43.784,-0.049042
-103.24,43.874,-0.048729
-103.24,43.964,-0.050909
-103.23,44.054,-0.054776
-103.23,44.144,-0.059188
-103.22,44.234,-0.062701
-103.22,44.324,-0.064457
-103.22,44.413,-0.061818
-103.21,44.503,-0.056127
-103.21,44.593,-0.049983
-103.21,44.683,-0.047427
-103.2,44.773,-0.048716
-103.2,44.863,-0.053545
-103.19,44.953,-0.060866
-103.19,45.042,-0.068968
-103.19,45.132,-0.076431
-103.18,45.222,-0.078912
-103.18,45.312,-0.075545
-103.17,45.402,-0.069727
-103.17,45.492,-0.062413
-103.17,45.582,-0.055233
-103.16,45.671,-0.04944
-103.16,45.761,-0.045877
-103.16,45.851,-0.044776
-103.22,41.265,-0.057965
-103.22,41.355,-0.057752
-103.21,41.445,-0.056513
-103.21,41.535,-0.052995
-103.21,41.624,-0.048102
-103.2,41.714,-0.042736
-103.2,41.804,-0.038054
-103.2,41.894,-0.034635
-103.19,41.984,-0.032141
-103.19,42.074,-0.030488
-103.19,42.164,-0.029895
-103.18,42.253,-0.031441
-103.18,42.343,-0.036455
-103.17,42.433,-0.044853
-103.17,42.523,-0.056755
-103.17,42.613,-0.069887
-103.16,42.703,-0.089392
-103.16,42.793,-0.086923
-103.16,42.883,-0.089982
-103.15,42.972,-0.094766
-103.15,43.062,-0.10106
-103.14,43.152,-0.10961
-103.14,43.242,-0.11572
-103.14,43.332,-0.11676
-103.13,43.422,-0.10495
-103.13,43.512,-0.090358
-103.13,43.602,-0.078944
-103.12,43.692,-0.070633
-103.12,43.781,-0.066005
-103.11,43.871,-0.064812
-103.11,43.961,-0.066263
-103.11,44.051,-0.069393
-103.1,44.141,-0.072017
-103.1,44.231,-0.074232
-103.09,44.321,-0.075853
-103.09,44.411,-0.076527
-103.09,44.501,-0.069495
-103.08,44.59,-0.063857
-103.08,44.68,-0.06112
-103.07,44.77,-0.061396
-103.07,44.86,-0.064569
-103.07,44.95,-0.069815
-103.06,45.04,-0.075744
-103.06,45.13,-0.080468
-103.05,45.219,-0.082114
-103.05,45.309,-0.079811
-103.05,45.399,-0.074154
-103.04,45.489,-0.066667
-103.04,45.579,-0.059021
-103.03,45.669,-0.052719
-103.03,45.758,-0.048783
-103.03,45.848,-0.047483
-103.1,41.262,-0.068799
-103.1,41.352,-0.068688
-103.1,41.442,-0.067677
-103.09,41.532,-0.063794
-103.09,41.622,-0.058525
-103.08,41.712,-0.052742
-103.08,41.801,-0.047661
-103.08,41.891,-0.043978
-103.07,41.981,-0.04164
-103.07,42.071,-0.040328
-103.06,42.161,-0.03874
-103.06,42.251,-0.040176
-103.06,42.341,-0.045255
-103.05,42.43,-0.053729
-103.05,42.52,-0.064988
-103.05,42.61,-0.078229
-103.04,42.7,-0.089387
-103.04,42.79,-0.096776
-103.03,42.88,-0.10179
-103.03,42.97,-0.10807
-103.03,43.06,-0.11564
-103.02,43.149,-0.12527
-103.02,43.239,-0.1322
-103.01,43.329,-0.13377
-103.01,43.419,-0.12166
-103.01,43.509,-0.10655
-103,43.599,-0.094387
-103,43.689,-0.085306
-102.99,43.779,-0.080048
-102.99,43.868,-0.078403
-102.99,43.958,-0.079887
-102.98,44.048,-0.082037
-102.98,44.138,-0.083437
-102.97,44.228,-0.08391
-102.97,44.318,-0.084561
-102.97,44.408,-0.081316
-102.96,44.498,-0.079306
-102.96,44.587,-0.07471
-102.95,44.677,-0.072474
-102.95,44.767,-0.072257
-102.94,44.857,-0.074189
-102.94,44.947,-0.07779
-102.94,45.037,-0.082091
-102.93,45.127,-0.085728
-102.93,45.216,-0.087105
-102.92,45.306,-0.084998
-102.92,45.396,-0.07938
-102.91,45.486,-0.071575
-102.91,45.576,-0.063459
-102.91,45.666,-0.056724
-102.9,45.755,-0.05246
-102.9,45.845,-0.050845
-102.98,41.26,-0.080007
-102.98,41.349,-0.079757
-102.98,41.439,-0.078074
-102.97,41.529,-0.074345
-102.97,41.619,-0.068602
-102.96,41.709,-0.062324
-102.96,41.798,-0.056239
-102.96,41.888,-0.051404
-102.95,41.978,-0.047687
-102.95,42.068,-0.045224
-102.94,42.158,-0.044325
-102.94,42.248,-0.045828
-102.94,42.338,-0.050862
-102.93,42.427,-0.059068
-102.93,42.517,-0.069713
-102.92,42.607,-0.081376
-102.92,42.697,-0.092188
-102.92,42.787,-0.10105
-102.91,42.877,-0.10856
-102.91,42.967,-0.11598
-102.9,43.057,-0.12379
-102.9,43.146,-0.13116
-102.89,43.236,-0.13763
-102.89,43.326,-0.13677
-102.89,43.416,-0.12881
-102.88,43.506,-0.11584
-102.88,43.596,-0.10461
-102.87,43.686,-0.095896
-102.87,43.776,-0.090657
-102.86,43.865,-0.089192
-102.86,43.955,-0.090291
-102.86,44.045,-0.094809
-102.85,44.135,-0.092272
-102.85,44.225,-0.091734
-102.84,44.315,-0.091563
-102.84,44.405,-0.090061
-102.83,44.495,-0.087641
-102.83,44.584,-0.084544
-102.83,44.674,-0.082626
-102.82,44.764,-0.082093
-102.82,44.854,-0.083063
-102.81,44.944,-0.08531
-102.81,45.034,-0.088389
-102.8,45.124,-0.091406
-102.8,45.213,-0.093744
-102.8,45.303,-0.092028
-102.79,45.393,-0.086067
-102.79,45.483,-0.076928
-102.78,45.573,-0.068395
-102.78,45.663,-0.061399
-102.77,45.752,-0.056749
-102.77,45.842,-0.055042
-102.86,41.257,-0.091644
-102.86,41.346,-0.091199
-102.86,41.436,-0.089391
-102.85,41.526,-0.085426
-102.85,41.616,-0.079259
-102.84,41.706,-0.071731
-102.84,41.795,-0.064
-102.83,41.885,-0.057084
-102.83,41.975,-0.051656
-102.83,42.065,-0.048169
-102.82,42.155,-0.047087
-102.82,42.245,-0.048926
-102.81,42.335,-0.053966
-102.81,42.424,-0.06198
-102.81,42.514,-0.072182
-102.8,42.604,-0.083357
-102.8,42.694,-0.094181
-102.79,42.784,-0.10384
-102.79,42.874,-0.11239
-102.78,42.964,-0.12028
-102.78,43.053,-0.12765
-102.78,43.143,-0.13376
-102.77,43.233,-0.13701
-102.77,43.323,-0.13568
-102.76,43.413,-0.12949
-102.76,43.503,-0.12025
-102.75,43.593,-0.1107
-102.75,43.683,-0.10295
-102.74,43.772,-0.098079
-102.74,43.862,-0.096201
-102.74,43.952,-0.097015
-102.73,44.042,-0.09822
-102.73,44.132,-0.098617
-102.72,44.222,-0.098242
-102.72,44.312,-0.097927
-102.71,44.402,-0.096972
-102.71,44.491,-0.095865
-102.7,44.581,-0.094219
-102.7,44.671,-0.09276
-102.7,44.761,-0.091843
-102.69,44.851,-0.091732
-102.69,44.941,-0.09256
-102.68,45.031,-0.094348
-102.68,45.12,-0.096622
-102.67,45.21,-0.099432
-102.67,45.3,-0.099153
-102.66,45.39,-0.091674
-102.66,45.48,-0.081883
-102.65,45.57,-0.073416
-102.65,45.659,-0.066664
-102.64,45.749,-0.062189
-102.64,45.839,-0.05999
-102.74,41.253,-0.10362
-102.74,41.343,-0.10354
-102.74,41.433,-0.10201
-102.73,41.523,-0.097849
-102.73,41.613,-0.09062
-102.72,41.702,-0.081247
-102.72,41.792,-0.071283
-102.71,41.882,-0.062142
-102.71,41.972,-0.054853
-102.71,42.062,-0.050143
-102.7,42.152,-0.048532
-102.7,42.241,-0.050315
-102.69,42.331,-0.055469
-102.69,42.421,-0.06357
-102.68,42.511,-0.073798
-102.68,42.601,-0.085035
-102.67,42.691,-0.09612
-102.67,42.781,-0.10624
-102.67,42.871,-0.11518
-102.66,42.96,-0.12305
-102.66,43.05,-0.12978
-102.65,43.14,-0.13476
-102.65,43.23,-0.13692
-102.64,43.32,-0.13535
-102.64,43.41,-0.13008
-102.63,43.5,-0.12244
-102.63,43.589,-0.11437
-102.62,43.679,-0.10763
-102.62,43.769,-0.10324
-102.62,43.859,-0.10141
-102.61,43.949,-0.10157
-102.61,44.039,-0.10261
-102.6,44.129,-0.10363
-102.6,44.219,-0.10437
-102.59,44.308,-0.10493
-102.59,44.398,-0.10531
-102.58,44.488,-0.10534
-102.58,44.578,-0.10478
-102.57,44.668,-0.10366
-102.57,44.758,-0.10211
-102.56,44.848,-0.10052
-102.56,44.937,-0.099528
-102.55,45.027,-0.099527
-102.55,45.117,-0.10038
-102.54,45.207,-0.10238
-102.54,45.297,-0.10228
-102.53,45.387,-0.094635
-102.53,45.476,-0.085515
-102.53,45.566,-0.078035
-102.52,45.656,-0.072318
-102.52,45.746,-0.068717
-102.51,45.836,-0.067457
-102.62,41.25,-0.11531
-102.62,41.34,-0.11596
-102.62,41.43,-0.11516
-102.61,41.52,-0.11192
-102.61,41.609,-0.10243
-102.6,41.699,-0.090701
-102.6,41.789,-0.078098
-102.59,41.879,-0.066515
-102.59,41.969,-0.057252
-102.58,42.059,-0.051223
-102.58,42.148,-0.049004
-102.58,42.238,-0.050736
-102.57,42.328,-0.056144
-102.57,42.418,-0.06464
-102.56,42.508,-0.075358
-102.56,42.598,-0.08716
-102.55,42.687,-0.098769
-102.55,42.777,-0.10919
-102.54,42.867,-0.11812
-102.54,42.957,-0.12573
-102.53,43.047,-0.13198
-102.53,43.137,-0.13633
-102.52,43.227,-0.13792
-102.52,43.316,-0.13615
-102.51,43.406,-0.13125
-102.51,43.496,-0.12436
-102.51,43.586,-0.11712
-102.5,43.676,-0.11108
-102.5,43.766,-0.10718
-102.49,43.856,-0.10567
-102.49,43.946,-0.10609
-102.48,44.035,-0.10755
-102.48,44.125,-0.10924
-102.47,44.215,-0.11087
-102.47,44.305,-0.11252
-102.46,44.395,-0.11425
-102.46,44.485,-0.11578
-102.45,44.575,-0.11648
-102.45,44.664,-0.11562
-102.44,44.754,-0.11303
-102.44,44.844,-0.10947
-102.43,44.934,-0.10611
-102.43,45.024,-0.10372
-102.42,45.114,-0.10239
-102.42,45.203,-0.10213
-102.41,45.293,-0.099668
-102.41,45.383,-0.094563
-102.4,45.473,-0.087541
-102.4,45.563,-0.081944
-102.39,45.652,-0.078
-102.39,45.742,-0.075893
-102.38,45.832,-0.075191
-102.51,41.247,-0.12549
-102.5,41.337,-0.12699
-102.5,41.426,-0.12831
-102.49,41.516,-0.12508
-102.49,41.606,-0.11467
-102.48,41.696,-0.099119
-102.48,41.786,-0.083964
-102.47,41.875,-0.070119
-102.47,41.965,-0.058873
-102.46,42.055,-0.051548
-102.46,42.145,-0.048791
-102.45,42.235,-0.050766
-102.45,42.325,-0.056537
-102.44,42.414,-0.065623
-102.44,42.504,-0.077126
-102.43,42.594,-0.089811
-102.43,42.684,-0.10273
-102.43,42.774,-0.11333
-102.42,42.864,-0.12153
-102.42,42.954,-0.12888
-102.41,43.043,-0.13499
-102.41,43.133,-0.13931
-102.4,43.223,-0.14085
-102.4,43.313,-0.13893
-102.39,43.403,-0.13385
-102.39,43.493,-0.12689
-102.38,43.583,-0.11978
-102.38,43.672,-0.11404
-102.37,43.762,-0.11059
-102.37,43.852,-0.10966
-102.36,43.942,-0.11078
-102.36,44.032,-0.11301
-102.35,44.122,-0.11545
-102.35,44.212,-0.11779
-102.34,44.301,-0.12037
-102.34,44.391,-0.12344
-102.33,44.481,-0.12664
-102.33,44.571,-0.12877
-102.32,44.661,-0.12905
-102.32,44.751,-0.12423
-102.31,44.84,-0.11821
-102.31,44.93,-0.11207
-102.3,45.02,-0.10699
-102.29,45.11,-0.1032
-102.29,45.2,-0.10011
-102.28,45.29,-0.096766
-102.28,45.379,-0.092685
-102.27,45.469,-0.088442
-102.27,45.559,-0.085086
-102.26,45.649,-0.083261
-102.26,45.739,-0.082749
-102.25,45.828,-0.083283
-102.39,41.243,-0.13272
-102.38,41.333,-0.13464
-102.38,41.423,-0.13663
-102.37,41.513,-0.13915
-102.37,41.602,-0.12243
-102.36,41.692,-0.10577
-102.36,41.782,-0.088083
-102.35,41.872,-0.072768
-102.35,41.962,-0.060248
-102.34,42.052,-0.051607
-102.34,42.141,-0.048706
-102.33,42.231,-0.050735
-102.33,42.321,-0.05701
-102.32,42.411,-0.066629
-102.32,42.501,-0.078868
-102.31,42.591,-0.093069
-102.31,42.68,-0.1068
-102.3,42.77,-0.11714
-102.3,42.86,-0.12525
-102.29,42.95,-0.13202
-102.29,43.04,-0.13845
-102.28,43.13,-0.14338
-102.28,43.219,-0.14537
-102.27,43.309,-0.14334
-102.27,43.399,-0.13762
-102.26,43.489,-0.12993
-102.26,43.579,-0.1224
-102.25,43.669,-0.11666
-102.25,43.759,-0.11356
-102.24,43.848,-0.1133
-102.24,43.938,-0.11533
-102.23,44.028,-0.11914
-102.23,44.118,-0.12221
-102.22,44.208,-0.12426
-102.22,44.298,-0.12739
-102.21,44.388,-0.13152
-102.21,44.477,-0.13626
-102.2,44.567,-0.14121
-102.19,44.657,-0.14126
-102.19,44.747,-0.13522
-102.18,44.837,-0.12563
-102.18,44.927,-0.11687
-102.17,45.016,-0.1094
-102.17,45.106,-0.10353
-102.16,45.196,-0.098915
-102.16,45.286,-0.095016
-102.15,45.376,-0.09158
-102.15,45.465,-0.088875
-102.14,45.555,-0.087435
-102.13,45.645,-0.08749
-102.13,45.735,-0.089149
-102.12,45.825,-0.090053
-102.27,41.24,-0.13643
-102.26,41.329,-0.13799
-102.26,41.419,-0.13897
-102.25,41.509,-0.13486
-102.25,41.599,-0.12374
-102.24,41.689,-0.10704
-102.24,41.778,-0.090159
-102.23,41.868,-0.074518
-102.23,41.958,-0.061648
-102.22,42.048,-0.053052
-102.22,42.138,-0.049697
-102.21,42.227,-0.051495
-102.21,42.317,-0.057816
-102.2,42.407,-0.067634
-102.2,42.497,-0.080173
-102.19,42.587,-0.094699
-102.19,42.677,-0.10896
-102.18,42.766,-0.1191
-102.18,42.856,-0.12718
-102.17,42.946,-0.13418
-102.16,43.036,-0.14122
-102.16,43.126,-0.14805
-102.15,43.216,-0.15123
-102.15,43.306,-0.14912
-102.14,43.395,-0.14218
-102.14,43.485,-0.13266
-102.13,43.575,-0.1246
-102.13,43.665,-0.11875
-102.12,43.755,-0.11588
-102.12,43.845,-0.11612
-102.11,43.935,-0.11947
-102.11,44.024,-0.12412
-102.1,44.114,-0.1276
-102.1,44.204,-0.12957
-102.09,44.294,-0.13225
-102.08,44.384,-0.1369
-102.08,44.474,-0.14341
-102.07,44.563,-0.14897
-102.07,44.653,-0.15356
-102.06,44.743,-0.14169
-102.06,44.833,-0.13032
-102.05,44.923,-0.11993
-102.05,45.013,-0.11097
-102.04,45.102,-0.10382
-102.03,45.192,-0.098292
-102.03,45.282,-0.094076
-102.02,45.372,-0.091015
-102.02,45.462,-0.089221
-102.01,45.551,-0.088943
-102.01,45.641,-0.090127
-102,45.731,-0.092665
-102,45.821,-0.094436
-102.15,41.236,-0.13744
-102.14,41.326,-0.13812
-102.14,41.415,-0.13703
-102.13,41.505,-0.13188
-102.13,41.595,-0.12143
-102.12,41.685,-0.10689
-102.12,41.775,-0.090856
-102.11,41.864,-0.075762
-102.11,41.954,-0.063404
-102.1,42.044,-0.054943
-102.1,42.134,-0.051504
-102.09,42.224,-0.053159
-102.08,42.313,-0.059101
-102.08,42.403,-0.068697
-102.07,42.493,-0.080962
-102.07,42.583,-0.094903
-102.06,42.673,-0.10789
-102.06,42.763,-0.11866
-102.05,42.852,-0.12696
-102.05,42.942,-0.13478
-102.04,43.032,-0.14218
-102.04,43.122,-0.1496
-102.03,43.212,-0.15492
-102.03,43.302,-0.15248
-102.02,43.391,-0.14394
-102.01,43.481,-0.13411
-102.01,43.571,-0.12603
-102,43.661,-0.12025
-102,43.751,-0.11751
-101.99,43.841,-0.11787
-101.99,43.931,-0.12123
-101.98,44.02,-0.12567
-101.98,44.11,-0.1292
-101.97,44.2,-0.13155
-101.96,44.29,-0.13436
-101.96,44.38,-0.13897
-101.95,44.47,-0.1444
-101.95,44.559,-0.14962
-101.94,44.649,-0.14946
-101.94,44.739,-0.14275
-101.93,44.829,-0.13182
-101.92,44.919,-0.12123
-101.92,45.008,-0.11187
-101.91,45.098,-0.10427
-101.91,45.188,-0.098395
-101.9,45.278,-0.094049
-101.9,45.368,-0.091126
-101.89,45.457,-0.089663
-101.88,45.547,-0.089742
-101.88,45.637,-0.091141
-101.87,45.727,-0.093488
-101.87,45.817,-0.094431
